#time flow_seqno path
 #This first chunk is just observed packets, the chunk after the next commented line
 #contains just inferred packets, and then the chunk
 #after the last commented line are the scores.
 #These are grouped this way for greater ease in formatting
 #the various data-groups.
 49825 8209.989 14
 49826 8210.963 14
 49827 8211.944 14
 49829 8213.901 14
 49830 8214.871 14
 49832 8216.917 14
 49833 8217.800 14
 49834 8218.829 14
 49835 8219.766 14
 49836 8220.748 14
 49837 8221.722 14
 49838 8222.698 14
 49840 8224.642 14
 49843 8226.627 14
 49846 8227.590 14
 49847 8228.556 14
 49849 8229.566 14
 49850 8229.569 14
 49851 8230.549 14
 49852 8230.551 14
 49853 8231.606 14
 49854 8231.612 14
 49855 8232.520 14
 49856 8232.523 14
 49857 8233.536 14
 49867 8238.382 14
 49868 8238.384 14
 49871 8240.330 14
 49872 8240.333 14
 49886 8247.181 14
 49889 8249.153 14
 49890 8249.156 14
 49907 8260.910 14
 49914 8263.884 14
 49960 8289.390 14
 50051 8337.375 14
 50067 8345.281 14
 50096 8358.996 14
 50109 8365.871 14
 50111 8366.792 14
 50112 8366.812 14
 50114 8367.844 14
 50115 8368.745 14
 50129 8375.636 14
 50198 8503.182 14
 50203 8508.112 14
 50205 8510.074 14
 50229 8529.629 14
 50559 8691.493 13
 50561 8692.510 13
 50563 8693.482 13
 50564 8693.485 13
 50565 8694.538 13
 50566 8694.541 13
 50567 8695.411 13
 50570 8696.415 13
 50574 8698.368 13
 50577 8700.306 13
 50603 8713.082 13
 50604 8713.085 13
 50606 8714.166 13
 50607 8715.008 13
 50608 8715.011 13
 50609 8716.033 13
 50619 8720.967 4
 50820 8825.512 8
 50821 8825.542 8
 50823 8826.513 8
 50822 8826.533 8
 50824 8827.463 8
 50832 8831.412 8
 50834 8832.452 8
 50840 8835.303 8
 50841 8835.306 8
 50842 8836.305 8
 50855 8846.101 8
 50856 8847.103 8
 50857 8848.060 8
 50858 8849.055 8
 50868 8854.975 8
 50870 8855.952 8
 50874 8857.928 8
 50875 8857.938 8
 50882 8861.852 8
 50883 8861.855 8
 50888 8864.751 8
 50890 8865.780 8
 50894 8867.702 8
 50906 8873.551 8
 50914 8877.476 8
 50951 8898.236 8
 51065 8959.895 13
 51074 8964.812 13
 51076 8965.833 13
 51188 9020.562 14
 51190 9021.565 14
 51191 9021.568 14
 51192 9022.506 14
 51195 9023.486 14
 51194 9023.486 14
 51196 9024.455 14
 51199 9025.429 14
 51198 9025.429 14
 51200 9026.420 14
 51201 9026.426 14
 51202 9027.372 14
 51204 9029.337 14
 51205 9029.340 14
 51206 9030.310 14
 51207 9030.313 14
 51208 9031.284 14
 51210 9032.252 14
 51211 9032.255 14
 51212 9033.269 14
 51213 9033.280 14
 51214 9034.262 14
 51215 9034.265 14
 51216 9035.188 14
 51217 9035.193 14
 51218 9036.158 14
 51219 9038.129 14
 51220 9039.090 14
 51221 9040.064 14
 51223 9042.039 14
 51225 9043.970 14
 51226 9044.967 14
 51229 9047.878 14
 51230 9048.858 14
 51231 9049.844 14
 51234 9051.807 14
 51235 9052.797 14
 51236 9052.803 14
 51237 9053.738 14
 51238 9053.760 14
 51239 9054.731 14
 51241 9055.713 14
 51243 9056.764 14
 51245 9057.670 14
 51248 9058.648 14
 51250 9059.702 14
 51255 9062.559 14
 51256 9062.565 14
 51257 9063.511 14
 51259 9064.491 14
 51261 9065.459 14
 51262 9065.487 14
 51263 9066.516 14
 51265 9067.428 14
 51267 9068.387 14
 51269 9069.389 14
 51273 9071.316 14
 51275 9072.312 14
 51278 9073.340 14
 51279 9074.288 14
 51280 9074.296 14
 51289 9079.157 14
 51291 9080.097 14
 51292 9080.148 14
 51293 9081.125 14
 51310 9088.980 14
 51311 9089.912 14
 51315 9091.853 14
 51317 9092.845 14
 51319 9093.813 14
 51323 9095.770 14
 51371 9119.287 14
 51372 9119.290 14
 51373 9120.289 14
 51374 9120.292 14
 51375 9121.258 14
 51377 9122.229 14
 51379 9123.213 14
 51380 9123.215 14
 51381 9124.203 14
 51384 9125.172 14
 51387 9127.152 14
 51388 9127.155 14
 51395 9131.083 14
 51449 9157.450 13
 51455 9160.423 13
 51457 9161.375 13
 51458 9161.435 13
 51459 9162.309 13
 51470 9167.206 13
 51492 9177.978 14
 51491 9177.978 14
 51493 9178.936 14
 51496 9179.941 14
 51501 9182.855 14
 51502 9182.855 14
 51507 9185.754 14
 51508 9185.800 14
 51521 9192.630 14
 51522 9192.640 14
 51533 9198.578 14
 51534 9198.598 14
 51538 9200.543 14
 51562 9215.152 14
 51563 9216.102 14
 51565 9217.115 14
 51574 9221.955 14
 51575 9222.012 14
 51599 9233.704 14
 51609 9238.621 14
 51625 9246.451 14
 51628 9248.393 14
 51658 9263.075 14
 51660 9264.037 14
 51664 9265.999 14
 51670 9268.939 14
 51671 9268.949 14
 51673 9270.942 14
 51676 9273.866 14
 51678 9275.802 14
 51679 9276.801 14
 51683 9280.706 14
 51684 9281.678 14
 51685 9282.669 14
 51686 9283.640 14
 51696 9289.509 14
 51695 9289.517 14
 51698 9290.525 14
 51699 9291.447 14
 51711 9297.306 14
 51715 9299.273 14
 51716 9299.276 14
 51720 9301.208 14
 51737 9310.209 14
 51739 9311.020 14
 51741 9312.041 14
 51743 9313.013 14
 51746 9313.984 14
 51745 9313.994 14
 51747 9315.015 14
 51749 9316.107 14
 51753 9317.970 14
 51755 9318.890 14
 51757 9319.872 14
 51758 9319.882 14
 51764 9322.026 14
 51765 9322.866 14
 51768 9322.867 14
 51770 9322.874 14
 51774 9323.838 14
 51772 9323.848 14
 51776 9323.878 14
 51778 9323.878 14
 51781 9324.859 14
 51785 9324.860 14
 51783 9324.862 14
 51779 9324.920 14
 51806 9327.924 14
 51802 9328.004 14
 51804 9328.024 14
 51807 9328.805 14
 51808 9328.825 14
 51810 9328.865 14
 51812 9328.935 14
 51813 9328.986 14
 51821 9330.828 14
 51822 9330.828 14
 51823 9330.868 14
 51826 9330.908 14
 51828 9331.780 14
 51832 9331.785 14
 51830 9331.820 14
 51831 9331.840 14
 51833 9331.870 14
 51834 9331.880 14
 51835 9332.791 14
 51837 9332.811 14
 51839 9332.871 14
 51840 9332.871 14
 51841 9332.871 14
 51849 9334.768 14
 51851 9334.771 14
 51857 9335.755 14
 51856 9335.755 14
 51858 9335.885 14
 51861 9335.976 14
 51869 9336.766 14
 51864 9336.937 14
 51866 9336.977 14
 51871 9337.708 14
 51870 9337.718 14
 51873 9337.738 14
 51876 9337.748 14
 51878 9338.680 14
 51880 9338.700 14
 51882 9338.750 14
 51877 9338.760 14
 51885 9339.661 14
 51886 9339.681 14
 51888 9339.701 14
 51884 9339.741 14
 51913 9343.600 14
 51939 9347.542 14
 51940 9347.545 14
 51964 9351.490 14
 51965 9351.493 14
 51967 9351.498 14
 51969 9352.435 14
 51975 9353.446 14
 51978 9353.452 14
 51980 9353.457 14
 51981 9354.420 14
 51982 9354.423 14
 51985 9354.429 14
 51987 9355.425 14
 51999 9357.447 14
 52003 9357.457 14
 52011 9359.389 14
 52014 9359.395 14
 52020 9360.365 14
 52022 9360.371 14
 52053 9366.226 14
 52058 9366.379 14
 52059 9367.191 14
 52061 9367.286 14
 52063 9367.292 14
 52064 9367.294 14
 52065 9368.177 14
 52070 9368.240 14
 52071 9369.183 14
 52075 9369.224 14
 52077 9370.204 14
 52078 9370.207 14
 52079 9370.209 14
 52080 9370.212 14
 52082 9370.215 14
 52083 9371.113 14
 52085 9371.115 14
 52089 9372.117 14
 52090 9372.120 14
 52091 9372.122 14
 52095 9373.112 14
 52096 9373.115 14
 52097 9373.118 14
 52098 9373.120 14
 52100 9373.123 14
 52102 9374.094 14
 52106 9374.130 14
 52111 9375.068 14
 52112 9375.116 14
 52113 9376.013 14
 52119 9377.057 14
 52120 9377.060 14
 52124 9377.066 14
 52147 9386.508 14
 52150 9389.453 14
 52152 9391.385 14
 52166 9405.155 14
 
 
 #time flow_seqno path
 #This is the group of routes that we only inferred but did not observe in full
 51062 -3.000 13
 51063 -3.000 13
 49810 8195.350 10
 49811 8196.317 10
 49812 8197.278 10
 49814 8199.231 10
 49815 8200.197 10
 49816 8201.184 10
 49817 8202.198 10
 49818 8203.147 10
 49819 8204.128 10
 49820 8205.094 2
 49821 8206.046 2
 49822 8207.036 2
 49823 8208.017 2
 49828 8212.895 14
 49831 8215.819 14
 49839 8223.710 14
 49842 8225.609 14
 49844 8226.580 14
 49859 8234.478 14
 49860 8234.481 14
 49862 8235.423 14
 49861 8235.457 14
 49864 8236.394 14
 49863 8236.419 14
 49866 8237.376 14
 49865 8237.390 14
 49869 8239.354 14
 49870 8239.357 14
 49875 8242.242 14
 49876 8242.244 14
 49880 8244.226 14
 49879 8244.230 14
 49881 8245.261 14
 49882 8245.264 14
 49885 8247.179 14
 49887 8248.183 14
 49888 8248.222 14
 49897 8253.079 14
 49901 8255.002 14
 49903 8256.948 14
 49904 8257.996 14
 49908 8260.934 14
 49909 8261.864 14
 49910 8261.901 14
 49912 8262.843 14
 49911 8262.867 14
 49924 8268.735 14
 49926 8269.704 14
 49925 8269.717 14
 49942 8277.864 14
 49952 8282.466 14
 49956 8285.450 14
 49957 8286.405 14
 49958 8287.392 14
 49961 8290.372 14
 49966 8295.290 14
 49967 8296.217 14
 49968 8296.220 14
 49969 8297.209 14
 49971 8298.169 14
 49976 8300.186 14
 49979 8302.088 14
 49980 8302.119 14
 49995 8309.990 14
 49996 8310.000 14
 49997 8310.966 14
 50011 8317.785 14
 50039 8331.524 14
 50040 8331.527 14
 50042 8332.494 14
 50041 8332.527 14
 50044 8333.466 14
 50043 8333.478 14
 50047 8335.447 14
 50048 8335.450 14
 50050 8336.404 14
 50059 8341.374 14
 50060 8341.496 14
 50062 8342.351 14
 50064 8343.302 14
 50063 8343.322 14
 50068 8345.235 14
 50069 8346.270 14
 50076 8349.208 14
 50082 8352.210 14
 50087 8355.053 14
 50089 8356.031 14
 50092 8357.041 14
 50095 8358.975 14
 50098 8360.012 14
 50099 8361.014 14
 50103 8362.851 14
 50105 8363.898 14
 50107 8364.876 14
 50108 8364.890 14
 50110 8365.788 14
 50113 8367.844 14
 50118 8369.686 14
 50117 8369.710 14
 50119 8370.689 14
 50120 8370.692 14
 50121 8371.679 14
 50122 8371.679 14
 50125 8373.672 14
 50126 8373.672 14
 50127 8374.637 14
 50130 8375.647 14
 50132 8376.578 14
 50131 8376.600 14
 50134 8377.502 14
 50133 8377.522 14
 50135 8378.569 14
 50159 8390.319 9
 50160 8390.330 9
 50162 8391.342 9
 50165 8393.310 9
 50166 8393.475 9
 50167 8394.257 9
 50169 8395.874 9
 50170 8395.874 9
 50171 8396.255 9
 50172 8396.264 9
 50173 8397.236 9
 50174 8397.239 9
 50175 8398.204 9
 50176 8399.202 9
 50179 8402.120 9
 50181 8404.115 9
 50182 8405.110 9
 50186 8409.095 9
 50187 8410.047 9
 50188 8410.974 9
 50189 8411.963 9
 50193 8498.294 14
 50195 8500.238 14
 50208 8513.027 14
 50210 8514.957 14
 50212 8516.905 14
 50213 8517.872 14
 50214 8518.850 14
 50216 8520.892 14
 50218 8522.764 14
 50220 8524.731 14
 50221 8525.706 14
 50222 8525.709 14
 50223 8526.691 14
 50224 8526.700 14
 50231 8530.597 14
 50232 8530.600 14
 50233 8531.598 14
 50234 8531.601 14
 50235 8532.554 14
 50236 8532.557 14
 50237 8533.536 14
 50238 8533.539 14
 50240 8534.473 14
 50242 8535.550 14
 50247 8538.378 14
 50249 8539.354 14
 50254 8541.427 14
 50257 8543.316 14
 50258 8543.319 14
 50259 8544.286 14
 50260 8544.289 14
 50261 8545.267 14
 50263 8546.243 14
 50268 8548.204 14
 50269 8549.180 14
 50282 8555.167 14
 50286 8557.013 14
 50288 8558.071 14
 50289 8559.023 14
 50296 8561.940 14
 50306 8566.823 14
 50307 8567.805 14
 50308 8567.807 14
 50316 8571.709 16
 50317 8572.666 16
 50322 8574.629 16
 50329 8578.555 16
 50330 8578.557 16
 50333 8580.517 16
 50334 8580.520 16
 50335 8581.506 16
 50337 8582.499 16
 50338 8582.501 16
 50339 8583.473 16
 50340 8583.476 16
 50341 8584.445 16
 50342 8584.447 16
 50344 8585.462 16
 50347 8587.380 16
 50348 8587.383 16
 50349 8588.377 16
 50350 8588.382 16
 50351 8589.337 16
 50352 8589.340 16
 50353 8590.328 16
 50355 8591.312 16
 50356 8591.315 16
 50359 8593.262 16
 50361 8594.261 16
 50364 8595.290 16
 50365 8596.208 16
 50366 8596.222 16
 50367 8597.173 16
 50368 8597.176 16
 50370 8598.152 16
 50372 8599.218 3
 50371 8599.326 16
 50374 8600.178 3
 50373 8600.178 3
 50376 8601.106 3
 50375 8601.119 3
 50377 8602.078 3
 50378 8602.094 3
 50379 8603.068 3
 50380 8603.087 3
 50381 8604.051 3
 50382 8604.066 3
 50384 8605.122 3
 50385 8606.000 3
 50387 8606.998 3
 50389 8607.994 3
 50390 8607.997 3
 50391 8609.055 3
 50392 8609.060 16
 50394 8610.044 16
 50395 8610.975 16
 50398 8611.970 16
 50399 8612.920 16
 50401 8613.959 16
 50402 8613.962 16
 50403 8614.870 16
 50405 8615.875 16
 50407 8616.912 16
 50409 8617.883 16
 50410 8617.885 16
 50411 8618.872 11
 50412 8618.874 11
 50413 8619.819 11
 50414 8619.836 11
 50419 8622.700 11
 50420 8622.829 3
 50421 8623.739 3
 50422 8623.741 3
 50427 8626.580 3
 50429 8627.627 3
 50434 8629.612 3
 50437 8631.532 3
 50440 8632.544 3
 50439 8632.544 3
 50442 8633.516 3
 50441 8633.526 3
 50443 8634.473 3
 50444 8634.476 3
 50445 8635.430 3
 50448 8636.440 3
 50449 8637.406 3
 50450 8637.409 16
 50451 8638.427 16
 50452 8638.433 16
 50453 8639.412 16
 50454 8639.414 16
 50456 8640.405 16
 50455 8640.437 16
 50457 8641.361 16
 50458 8641.364 16
 50459 8642.346 16
 50460 8642.349 16
 50461 8643.300 16
 50463 8644.290 16
 50464 8644.293 16
 50465 8645.264 16
 50466 8645.267 16
 50467 8646.246 16
 50468 8646.248 16
 50469 8647.248 16
 50470 8647.251 16
 50471 8648.183 16
 50475 8650.207 16
 50476 8650.210 16
 50477 8651.178 16
 50478 8651.181 16
 50480 8652.182 16
 50481 8653.125 16
 50482 8653.128 16
 50487 8656.065 16
 50489 8657.049 16
 50491 8658.181 16
 50496 8660.036 16
 50501 8662.965 16
 50504 8663.921 16
 50505 8664.981 16
 50506 8664.981 16
 50507 8665.893 16
 50508 8665.912 16
 50509 8666.889 16
 50511 8667.915 16
 50512 8667.920 16
 50513 8668.884 16
 50514 8668.887 16
 50519 8671.823 16
 50521 8672.795 16
 50523 8673.796 12
 50524 8673.799 12
 50529 8676.822 12
 50530 8676.825 12
 50531 8677.729 12
 50558 8690.531 13
 50562 8692.479 13
 50569 8696.390 13
 50572 8697.397 13
 50571 8697.397 13
 50575 8699.331 13
 50578 8700.290 13
 50580 8701.347 13
 50581 8702.244 13
 50582 8702.439 13
 50583 8703.225 13
 50584 8703.264 13
 50587 8705.255 13
 50588 8705.260 13
 50591 8707.199 13
 50592 8707.202 13
 50593 8708.212 13
 50594 8708.215 13
 50599 8711.092 13
 50600 8711.095 13
 50601 8712.059 13
 50611 8716.969 13
 50612 8716.972 13
 50613 8717.974 13
 50614 8717.976 13
 50617 8719.934 4
 50621 8721.909 4
 50623 8722.924 4
 50626 8723.795 4
 50628 8724.854 4
 50741 8780.530 8
 50742 8780.533 8
 50743 8781.478 8
 50744 8781.548 8
 50745 8782.444 8
 50746 8782.460 8
 50747 8783.429 8
 50748 8783.395 8
 50750 8784.423 8
 50752 8785.428 8
 50753 8786.309 8
 50755 8787.426 8
 50756 8787.493 8
 50757 8788.276 8
 50759 8789.300 8
 50760 8789.372 8
 50761 8790.327 8
 50762 8790.321 8
 50763 8791.277 8
 50764 8791.280 8
 50765 8792.237 8
 50766 8792.243 8
 50767 8793.215 8
 50768 8793.177 8
 50769 8794.407 8
 50771 8795.278 8
 50772 8795.282 8
 50773 8796.129 8
 50774 8796.108 8
 50776 8797.131 8
 50775 8797.131 8
 50777 8798.089 8
 50778 8798.044 8
 50779 8799.129 8
 50780 8799.134 8
 50782 8800.055 8
 50781 8800.063 8
 50783 8800.992 8
 50784 8800.995 8
 50785 8801.987 8
 50787 8802.964 8
 50788 8802.945 8
 50789 8803.951 8
 50790 8803.969 8
 50792 8805.011 8
 50794 8805.869 8
 50793 8805.954 8
 50795 8806.886 8
 50796 8806.889 8
 50797 8807.835 8
 50798 8807.997 8
 50799 8808.822 8
 50801 8810.762 8
 50802 8811.792 8
 50803 8812.773 8
 50804 8813.775 8
 50806 8815.718 8
 50807 8816.754 8
 50808 8817.640 8
 50809 8818.632 8
 50811 8820.580 8
 50813 8821.616 8
 50812 8821.616 8
 50814 8822.577 8
 50817 8823.499 8
 50816 8823.550 8
 50818 8824.473 8
 50825 8827.474 8
 50826 8828.421 8
 50827 8828.424 8
 50828 8829.351 8
 50829 8829.361 8
 50830 8830.451 8
 50831 8830.459 8
 50833 8831.417 8
 50835 8832.380 8
 50837 8833.289 8
 50836 8833.297 8
 50843 8836.261 8
 50844 8837.279 8
 50845 8837.253 8
 50846 8838.170 8
 50847 8838.228 8
 50848 8839.176 8
 50849 8840.143 8
 50850 8841.141 8
 50851 8842.126 8
 50852 8843.157 8
 50853 8844.092 8
 50854 8845.070 8
 50862 8852.009 8
 50863 8852.041 8
 50864 8853.022 8
 50865 8853.031 8
 50866 8854.012 8
 50867 8853.963 8
 50871 8855.929 8
 50872 8856.937 8
 50876 8858.855 8
 50878 8859.858 8
 50881 8860.822 8
 50880 8860.797 8
 50884 8862.798 8
 50886 8863.787 8
 50887 8863.861 8
 50889 8864.748 8
 50891 8865.709 8
 50893 8866.650 8
 50892 8866.711 8
 50895 8867.675 8
 50897 8868.632 8
 50896 8868.608 8
 50899 8869.697 8
 50898 8869.679 8
 50901 8870.685 8
 50900 8870.651 8
 50902 8871.558 8
 50903 8871.561 8
 50904 8872.527 8
 50909 8874.473 8
 50908 8874.486 8
 50910 8875.544 8
 50912 8876.455 8
 50913 8876.483 8
 50915 8877.440 8
 50916 8878.405 8
 50919 8879.630 8
 50920 8880.395 8
 50921 8881.432 8
 50922 8882.379 8
 50924 8884.386 8
 50925 8885.300 8
 50926 8886.333 8
 50928 8887.315 8
 50930 8888.250 8
 50932 8889.458 8
 50934 8890.225 8
 50935 8890.233 8
 50936 8891.286 8
 50937 8891.240 8
 50938 8892.194 8
 50939 8892.197 8
 50940 8893.259 8
 50941 8893.259 8
 50943 8894.210 8
 50942 8894.175 8
 50944 8895.150 8
 50945 8895.203 8
 50949 8897.127 8
 50948 8897.149 8
 50950 8898.120 8
 50952 8899.078 8
 50955 8900.614 8
 50959 8902.112 8
 50958 8902.026 8
 50960 8903.010 8
 50961 8903.013 8
 50963 8904.005 8
 50962 8904.029 8
 50964 8905.056 8
 50965 8905.096 8
 50966 8906.007 8
 50967 8906.018 8
 50968 8907.019 8
 50969 8907.019 8
 50973 8909.009 8
 50972 8909.182 8
 50974 8910.364 8
 50978 8911.932 8
 50980 8913.038 8
 50991 8917.789 15
 50990 8917.804 15
 50992 8918.836 15
 50993 8918.836 15
 51016 8930.513 1
 51017 8930.523 1
 51018 8931.438 1
 51019 8931.441 1
 51021 8932.515 1
 51020 8932.487 1
 51022 8933.403 1
 51023 8933.405 1
 51024 8934.468 1
 51025 8934.468 1
 51026 8935.403 1
 51027 8935.413 1
 51028 8936.441 1
 51031 8937.336 1
 51030 8937.413 1
 51032 8938.344 1
 51033 8938.344 1
 51034 8939.375 1
 51035 8939.375 7
 51036 8940.307 7
 51037 8940.307 7
 51043 8943.221 6
 51044 8944.202 1
 51045 8945.224 1
 51047 8947.126 1
 51050 8950.081 1
 51051 8951.082 1
 51052 8951.994 1
 51053 8952.889 1
 51054 8953.856 1
 51055 8954.948 1
 51056 8955.840 1
 51057 8955.939 1
 51058 8956.891 1
 51064 8959.895 13
 51067 8960.866 13
 51066 8960.830 13
 51071 8962.879 13
 51070 8962.879 13
 51077 8965.833 13
 51081 8967.736 13
 51087 8970.660 13
 51091 8972.613 13
 51090 8972.613 13
 51097 8975.577 13
 51118 8986.313 13
 51125 8989.247 13
 51131 8992.201 13
 51133 8993.193 13
 51134 8994.134 13
 51136 8995.115 13
 51137 8995.125 13
 51142 8998.100 13
 51143 8998.100 13
 51147 9000.043 13
 51146 9000.053 13
 51149 9001.044 13
 51148 9001.044 13
 51153 9002.987 13
 51152 9002.987 13
 51155 9003.958 13
 51154 9003.958 13
 51159 9005.896 13
 51161 9006.872 13
 51160 9006.882 13
 51162 9007.864 13
 51163 9007.874 13
 51164 9008.835 13
 51165 9008.835 13
 51169 9010.778 13
 51168 9010.788 13
 51189 9020.572 14
 51197 9024.508 14
 51203 9027.373 14
 51224 9042.968 14
 51228 9046.977 14
 51232 9050.802 14
 51240 9054.741 14
 51246 9057.685 14
 51254 9061.545 14
 51258 9063.502 14
 51266 9067.399 14
 51268 9068.380 14
 51272 9070.534 14
 51277 9073.322 14
 51281 9075.236 14
 51288 9078.155 14
 51287 9078.169 14
 51290 9079.136 14
 51295 9082.029 14
 51296 9082.045 14
 51298 9083.039 14
 51297 9083.056 14
 51299 9083.996 14
 51300 9084.013 14
 51302 9085.003 14
 51306 9086.957 14
 51305 9086.972 14
 51307 9087.907 14
 51308 9087.935 14
 51309 9089.111 14
 51313 9090.897 14
 51314 9090.963 14
 51316 9091.849 14
 51322 9094.879 14
 51324 9095.745 14
 51325 9096.703 14
 51326 9096.729 14
 51328 9097.711 14
 51329 9098.699 14
 51332 9099.723 14
 51333 9100.617 14
 51334 9100.646 14
 51335 9101.742 14
 51337 9102.612 14
 51342 9104.735 14
 51341 9104.767 14
 51343 9105.555 14
 51347 9107.472 14
 51351 9109.454 14
 51352 9109.461 14
 51354 9110.441 14
 51353 9110.446 14
 51356 9111.407 14
 51355 9111.427 14
 51357 9112.433 14
 51358 9112.444 14
 51360 9113.426 14
 51361 9114.378 14
 51365 9116.353 14
 51366 9116.464 14
 51368 9117.351 14
 51367 9117.365 14
 51369 9118.282 14
 51383 9125.247 14
 51385 9126.103 14
 51389 9128.111 14
 51391 9129.027 14
 51392 9129.030 14
 51393 9130.013 14
 51417 9141.796 13
 51418 9141.796 13
 51422 9143.821 13
 51427 9146.663 13
 51445 9155.465 13
 51446 9155.486 13
 51447 9156.432 13
 51454 9159.330 13
 51460 9162.336 13
 51462 9163.274 13
 51467 9166.191 13
 51468 9166.192 13
 51473 9169.124 5
 51475 9170.041 5
 51476 9170.044 5
 51479 9171.968 5
 51481 9173.066 14
 51486 9174.997 14
 51487 9175.996 14
 51488 9175.996 14
 51495 9179.892 14
 51498 9180.883 14
 51499 9181.874 14
 51503 9183.837 14
 51504 9183.847 14
 51513 9188.668 14
 51520 9191.631 14
 51519 9191.602 14
 51523 9193.581 14
 51525 9194.582 14
 51526 9194.582 14
 51527 9195.784 14
 51535 9199.484 14
 51537 9200.465 14
 51540 9201.433 14
 51539 9201.476 14
 51544 9203.398 14
 51543 9203.419 14
 51551 9207.295 14
 51553 9208.291 14
 51554 9208.294 14
 51561 9214.137 14
 51564 9217.099 14
 51566 9218.086 14
 51567 9218.126 14
 51569 9219.068 14
 51568 9219.068 14
 51570 9220.249 14
 51576 9222.931 14
 51577 9222.953 14
 51584 9226.833 14
 51590 9229.760 14
 51593 9230.751 14
 51596 9232.712 14
 51597 9232.714 14
 51598 9233.701 14
 51608 9238.610 14
 51610 9239.581 14
 51611 9239.584 14
 51613 9240.598 14
 51612 9240.598 14
 51617 9242.501 14
 51616 9242.521 14
 51618 9243.538 14
 51621 9244.504 14
 51627 9247.386 14
 51626 9247.402 14
 51630 9249.322 14
 51632 9250.327 14
 51634 9251.298 14
 51637 9252.295 14
 51636 9252.299 14
 51639 9253.341 14
 51641 9254.230 14
 51640 9254.252 14
 51642 9255.334 14
 51644 9256.206 14
 51645 9256.209 14
 51650 9259.106 14
 51654 9261.102 14
 51667 9267.017 14
 51666 9267.021 14
 51668 9267.911 14
 51674 9271.868 14
 51675 9272.839 14
 51677 9274.810 14
 51680 9277.726 14
 51681 9278.697 14
 51682 9279.699 14
 51687 9284.602 14
 51688 9285.567 14
 51690 9286.545 14
 51689 9286.569 14
 51692 9287.518 14
 51691 9287.540 14
 51693 9288.495 14
 51694 9288.498 14
 51697 9290.745 14
 51703 9293.372 14
 51704 9293.375 14
 51705 9294.350 14
 51706 9294.400 14
 51708 9295.337 14
 51707 9295.371 14
 51709 9296.279 14
 51717 9300.208 14
 51719 9301.210 14
 51721 9302.171 14
 51724 9303.219 14
 51723 9303.219 14
 51726 9304.154 14
 51729 9306.072 14
 51730 9306.173 14
 51734 9308.126 14
 51733 9308.090 14
 51736 9309.071 14
 51738 9310.219 14
 51740 9311.020 14
 51742 9312.041 14
 51752 9317.008 14
 51754 9317.970 14
 51756 9318.901 14
 51766 9322.837 14
 51769 9322.877 14
 51771 9322.830 14
 51773 9323.828 14
 51775 9323.858 14
 51794 9327.103 14
 51798 9327.448 14
 51799 9327.458 14
 51801 9328.068 14
 51809 9328.845 14
 51811 9328.935 14
 51814 9329.801 14
 51815 9329.876 14
 51816 9329.878 14
 51817 9329.881 14
 51818 9329.884 14
 51820 9329.887 14
 51824 9330.848 14
 51827 9330.908 14
 51825 9330.908 14
 51829 9331.800 14
 51836 9332.801 14
 51838 9332.831 14
 51844 9333.774 14
 51842 9333.777 14
 51843 9333.783 14
 51846 9333.865 14
 51848 9333.892 14
 51845 9333.917 14
 51854 9334.777 14
 51855 9334.773 14
 51853 9334.798 14
 51859 9335.805 14
 51860 9335.805 14
 51862 9335.976 14
 51868 9336.763 14
 51865 9336.867 14
 51867 9336.937 14
 51875 9337.778 14
 51881 9338.710 14
 51883 9338.770 14
 51887 9339.691 14
 51894 9340.662 14
 51895 9340.672 14
 51897 9340.691 14
 51896 9340.692 14
 51891 9340.707 14
 51899 9341.639 14
 51900 9341.641 14
 51902 9341.644 14
 51904 9341.655 14
 51903 9341.694 14
 51905 9342.639 14
 51906 9342.642 14
 51907 9342.644 14
 51908 9342.647 14
 51909 9342.650 14
 51911 9342.653 14
 51912 9343.597 14
 51914 9343.603 14
 51919 9344.552 14
 51921 9344.554 14
 51923 9344.626 14
 51924 9344.629 14
 51927 9345.526 14
 51933 9346.577 14
 51934 9346.580 14
 51935 9346.583 14
 51936 9346.585 14
 51943 9347.550 14
 51944 9347.502 14
 51945 9348.458 14
 51947 9348.508 14
 51948 9348.511 14
 51949 9348.514 14
 51950 9348.517 14
 51952 9349.445 14
 51955 9349.446 14
 51951 9349.469 14
 51957 9350.416 14
 51958 9350.430 14
 51960 9350.446 14
 51972 9352.438 14
 51973 9352.441 14
 51971 9352.464 14
 51977 9353.415 14
 51991 9355.428 14
 51988 9355.462 14
 51989 9355.465 14
 51993 9356.349 14
 51996 9356.389 14
 51997 9356.414 14
 51998 9356.417 14
 52001 9357.325 14
 52002 9357.457 14
 52005 9358.295 14
 52010 9358.377 14
 52007 9358.338 14
 52008 9358.348 14
 52013 9359.319 14
 52015 9359.529 14
 52017 9360.385 14
 52025 9361.508 14
 52023 9361.517 14
 52029 9362.364 14
 52030 9362.374 14
 52032 9362.380 14
 52034 9362.383 14
 52035 9363.285 14
 52039 9363.291 14
 52037 9363.319 14
 52040 9363.413 14
 52041 9364.240 14
 52043 9364.276 14
 52045 9364.286 14
 52046 9364.301 14
 52047 9365.273 14
 52048 9365.276 14
 52051 9365.279 14
 52067 9368.182 14
 52069 9368.237 14
 52068 9368.216 14
 52073 9369.186 14
 52072 9369.172 14
 52076 9369.193 14
 52088 9371.149 14
 52087 9371.156 14
 52092 9372.124 14
 52099 9373.213 14
 52103 9374.077 14
 52110 9375.066 14
 52107 9375.026 14
 52121 9377.035 14
 52126 9377.966 14
 52128 9377.969 14
 52135 9378.954 14
 52131 9378.972 14
 52133 9378.988 14
 52142 9379.972 14
 52145 9384.485 14
 52146 9385.571 14
 52149 9388.425 14
 52151 9390.353 14
 52155 9394.293 14
 52156 9395.311 14
 52157 9396.272 14
 52158 9397.264 14
 52161 9400.178 14
 52162 9401.159 14
 52168 9407.076 14
 52172 9410.938 14
 52178 9413.905 14
 52180 9414.869 14
 52184 9416.813 14
 52185 9416.816 14
 52187 9417.833 14
 52186 9417.833 14
 52190 9419.749 14
 52191 9419.752 14
 52195 9421.709 14
 52198 9423.651 14
 52199 9423.654 14
 52211 9429.508 14
 52231 9439.330 14
 
 
 #time flow_seqno path_score
 #This contains all the points, and indicatesthe path score.  There are gaps
 #where there was a missed packet
 
 
 51062 -3.000 0.750
 
 
 51063 -3.000 0.850
 
 
 49810 8195.350 0.333
 
 
 49811 8196.317 0.633
 
 
 49812 8197.278 0.600
 49814 8199.231 0.633
 
 
 49815 8200.197 0.667
 
 
 49816 8201.184 0.633
 
 
 49817 8202.198 0.600
 
 
 49818 8203.147 0.567
 
 
 49819 8204.128 0.500
 
 
 49820 8205.094 0.500
 
 
 49821 8206.046 0.475
 
 
 49822 8207.036 0.475
 
 
 49823 8208.017 0.450
 49825 8209.989 1.000
 
 
 49826 8210.963 1.000
 
 
 49827 8211.944 1.000
 
 
 49828 8212.895 0.950
 
 
 49829 8213.901 1.000
 
 
 49830 8214.871 1.000
 
 
 49831 8215.819 0.950
 
 
 49832 8216.917 1.000
 
 
 49833 8217.800 1.000
 
 
 49834 8218.829 1.000
 
 
 49835 8219.766 1.000
 
 
 49836 8220.748 1.000
 
 
 49837 8221.722 1.000
 
 
 49838 8222.698 1.000
 
 
 49839 8223.710 0.950
 
 
 49840 8224.642 1.000
 49842 8225.609 0.950
 
 
 49843 8226.627 1.000
 
 
 49844 8226.580 0.950
 49846 8227.590 1.000
 
 
 49847 8228.556 1.000
 49849 8229.566 1.000
 
 
 49850 8229.569 1.000
 
 
 49851 8230.549 1.000
 
 
 49852 8230.551 1.000
 
 
 49853 8231.606 1.000
 
 
 49854 8231.612 1.000
 
 
 49855 8232.520 1.000
 
 
 49856 8232.523 1.000
 
 
 49857 8233.536 1.000
 49859 8234.478 0.900
 
 
 49860 8234.481 0.950
 49862 8235.423 0.900
 
 
 49861 8235.457 0.950
 
 
 49864 8236.394 0.850
 
 
 49863 8236.419 0.850
 
 
 49866 8237.376 0.950
 
 
 49865 8237.390 0.900
 49867 8238.382 1.000
 
 
 49868 8238.384 1.000
 
 
 49869 8239.354 0.950
 
 
 49870 8239.357 0.950
 
 
 49871 8240.330 1.000
 
 
 49872 8240.333 1.000
 
 
 49875 8242.242 0.850
 
 
 49876 8242.244 0.800
 
 
 49880 8244.226 0.750
 
 
 49879 8244.230 0.700
 49881 8245.261 0.800
 
 
 49882 8245.264 0.850
 
 
 49885 8247.179 0.950
 
 
 49886 8247.181 1.000
 
 
 49887 8248.183 0.950
 
 
 49888 8248.222 0.950
 
 
 49889 8249.153 1.000
 
 
 49890 8249.156 1.000
 
 
 49897 8253.079 0.700
 
 
 49901 8255.002 0.900
 49903 8256.948 0.950
 
 
 49904 8257.996 0.950
 
 
 49907 8260.910 1.000
 
 
 49908 8260.934 0.950
 
 
 49909 8261.864 0.950
 
 
 49910 8261.901 0.950
 49912 8262.843 0.900
 
 
 49911 8262.867 0.950
 
 
 49914 8263.884 1.000
 
 
 49924 8268.735 0.500
 49926 8269.704 0.500
 
 
 49925 8269.717 0.500
 
 
 49942 8277.864 0.500
 
 
 49952 8282.466 0.600
 
 
 49956 8285.450 0.800
 
 
 49957 8286.405 0.850
 
 
 49958 8287.392 0.900
 49960 8289.390 1.000
 
 
 49961 8290.372 0.950
 
 
 49966 8295.290 0.700
 
 
 49967 8296.217 0.650
 
 
 49968 8296.220 0.600
 
 
 49969 8297.209 0.650
 49971 8298.169 0.750
 
 
 49976 8300.186 0.750
 
 
 49979 8302.088 0.600
 
 
 49980 8302.119 0.550
 
 
 49995 8309.990 0.500
 
 
 49996 8310.000 0.500
 
 
 49997 8310.966 0.500
 
 
 50011 8317.785 0.500
 
 
 50039 8331.524 0.900
 
 
 50040 8331.527 0.950
 50042 8332.494 0.900
 
 
 50041 8332.527 0.950
 
 
 50044 8333.466 0.850
 
 
 50043 8333.478 0.850
 
 
 50047 8335.447 0.850
 
 
 50048 8335.450 0.850
 50050 8336.404 0.950
 
 
 50051 8337.375 1.000
 
 
 50059 8341.374 0.950
 
 
 50060 8341.496 0.950
 50062 8342.351 0.850
 50064 8343.302 0.850
 
 
 50063 8343.322 0.800
 
 
 50067 8345.281 1.000
 
 
 50068 8345.235 0.950
 
 
 50069 8346.270 0.950
 
 
 50076 8349.208 0.600
 
 
 50082 8352.210 0.500
 
 
 50087 8355.053 0.600
 50089 8356.031 0.700
 
 
 50092 8357.041 0.850
 
 
 50096 8358.996 1.000
 
 
 50095 8358.975 0.950
 
 
 50098 8360.012 0.900
 
 
 50099 8361.014 0.850
 
 
 50103 8362.851 0.900
 50105 8363.898 0.900
 50107 8364.876 0.900
 
 
 50108 8364.890 0.950
 50110 8365.788 0.950
 
 
 50109 8365.871 1.000
 50111 8366.792 1.000
 
 
 50112 8366.812 1.000
 50114 8367.844 1.000
 
 
 50113 8367.844 0.950
 50115 8368.745 1.000
 
 
 50118 8369.686 0.950
 
 
 50117 8369.710 0.900
 50119 8370.689 0.950
 
 
 50120 8370.692 0.900
 
 
 50121 8371.679 0.850
 
 
 50122 8371.679 0.800
 
 
 50125 8373.672 0.800
 
 
 50126 8373.672 0.850
 
 
 50127 8374.637 0.900
 50129 8375.636 1.000
 
 
 50130 8375.647 0.950
 50132 8376.578 0.900
 
 
 50131 8376.600 0.950
 
 
 50134 8377.502 0.950
 
 
 50133 8377.522 0.900
 50135 8378.569 0.950
 
 
 50159 8390.319 0.333
 
 
 50160 8390.330 0.367
 50162 8391.342 0.433
 
 
 50165 8393.310 0.533
 
 
 50166 8393.475 0.567
 
 
 50167 8394.257 0.600
 50169 8395.874 0.667
 
 
 50170 8395.874 0.667
 
 
 50171 8396.255 0.633
 
 
 50172 8396.264 0.600
 
 
 50173 8397.236 0.600
 
 
 50174 8397.239 0.633
 
 
 50175 8398.204 0.633
 
 
 50176 8399.202 0.600
 
 
 50179 8402.120 0.500
 50181 8404.115 0.500
 
 
 50182 8405.110 0.533
 
 
 50186 8409.095 0.633
 
 
 50187 8410.047 0.600
 
 
 50188 8410.974 0.533
 
 
 50189 8411.963 0.467
 
 
 50193 8498.294 0.900
 50195 8500.238 0.900
 
 
 50198 8503.182 1.000
 
 
 50203 8508.112 1.000
 50205 8510.074 1.000
 
 
 50208 8513.027 0.850
 50210 8514.957 0.750
 50212 8516.905 0.650
 
 
 50213 8517.872 0.600
 
 
 50214 8518.850 0.550
 50216 8520.892 0.500
 50218 8522.764 0.500
 50220 8524.731 0.550
 
 
 50221 8525.706 0.600
 
 
 50222 8525.709 0.650
 
 
 50223 8526.691 0.700
 
 
 50224 8526.700 0.750
 
 
 50229 8529.629 1.000
 50231 8530.597 0.900
 
 
 50232 8530.600 0.850
 
 
 50233 8531.598 0.800
 
 
 50234 8531.601 0.750
 
 
 50235 8532.554 0.750
 
 
 50236 8532.557 0.800
 
 
 50237 8533.536 0.850
 
 
 50238 8533.539 0.900
 50240 8534.473 0.900
 50242 8535.550 0.900
 
 
 50247 8538.378 0.750
 50249 8539.354 0.650
 
 
 50254 8541.427 0.500
 
 
 50257 8543.316 0.500
 
 
 50258 8543.319 0.500
 
 
 50259 8544.286 0.500
 
 
 50260 8544.289 0.500
 
 
 50261 8545.267 0.500
 50263 8546.243 0.500
 
 
 50268 8548.204 0.500
 
 
 50269 8549.180 0.500
 
 
 50282 8555.167 0.500
 
 
 50286 8557.013 0.500
 50288 8558.071 0.600
 
 
 50289 8559.023 0.650
 
 
 50296 8561.940 0.650
 
 
 50306 8566.823 0.500
 
 
 50307 8567.805 0.500
 
 
 50308 8567.807 0.500
 
 
 50316 8571.709 0.500
 
 
 50317 8572.666 0.500
 
 
 50322 8574.629 0.500
 
 
 50329 8578.555 0.500
 
 
 50330 8578.557 0.500
 
 
 50333 8580.517 0.500
 
 
 50334 8580.520 0.500
 
 
 50335 8581.506 0.500
 50337 8582.499 0.500
 
 
 50338 8582.501 0.500
 
 
 50339 8583.473 0.500
 
 
 50340 8583.476 0.500
 
 
 50341 8584.445 0.500
 
 
 50342 8584.447 0.500
 50344 8585.462 0.500
 
 
 50347 8587.380 0.500
 
 
 50348 8587.383 0.500
 
 
 50349 8588.377 0.500
 
 
 50350 8588.382 0.500
 
 
 50351 8589.337 0.500
 
 
 50352 8589.340 0.500
 
 
 50353 8590.328 0.500
 50355 8591.312 0.500
 
 
 50356 8591.315 0.500
 
 
 50359 8593.262 0.500
 50361 8594.261 0.500
 
 
 50364 8595.290 0.500
 
 
 50365 8596.208 0.500
 
 
 50366 8596.222 0.500
 
 
 50367 8597.173 0.500
 
 
 50368 8597.176 0.500
 50370 8598.152 0.450
 50372 8599.218 0.400
 
 
 50371 8599.326 0.400
 
 
 50374 8600.178 0.500
 
 
 50373 8600.178 0.450
 
 
 50376 8601.106 0.600
 
 
 50375 8601.119 0.550
 50377 8602.078 0.650
 
 
 50378 8602.094 0.700
 
 
 50379 8603.068 0.750
 
 
 50380 8603.087 0.725
 
 
 50381 8604.051 0.700
 
 
 50382 8604.066 0.650
 50384 8605.122 0.750
 
 
 50385 8606.000 0.700
 50387 8606.998 0.600
 50389 8607.994 0.500
 
 
 50390 8607.997 0.450
 
 
 50391 8609.055 0.400
 
 
 50392 8609.060 0.400
 50394 8610.044 0.500
 
 
 50395 8610.975 0.500
 
 
 50398 8611.970 0.500
 
 
 50399 8612.920 0.500
 50401 8613.959 0.500
 
 
 50402 8613.962 0.500
 
 
 50403 8614.870 0.500
 50405 8615.875 0.500
 50407 8616.912 0.500
 50409 8617.883 0.500
 
 
 50410 8617.885 0.450
 
 
 50411 8618.872 0.400
 
 
 50412 8618.874 0.433
 
 
 50413 8619.819 0.467
 
 
 50414 8619.836 0.500
 
 
 50419 8622.700 0.567
 
 
 50420 8622.829 0.550
 
 
 50421 8623.739 0.550
 
 
 50422 8623.741 0.550
 
 
 50427 8626.580 0.700
 50429 8627.627 0.750
 
 
 50434 8629.612 0.500
 
 
 50437 8631.532 0.525
 
 
 50440 8632.544 0.675
 
 
 50439 8632.544 0.625
 
 
 50442 8633.516 0.750
 
 
 50441 8633.526 0.725
 50443 8634.473 0.700
 
 
 50444 8634.476 0.650
 
 
 50445 8635.430 0.600
 
 
 50448 8636.440 0.450
 
 
 50449 8637.406 0.400
 
 
 50450 8637.409 0.400
 
 
 50451 8638.427 0.450
 
 
 50452 8638.433 0.500
 
 
 50453 8639.412 0.500
 
 
 50454 8639.414 0.500
 50456 8640.405 0.500
 
 
 50455 8640.437 0.500
 50457 8641.361 0.500
 
 
 50458 8641.364 0.500
 
 
 50459 8642.346 0.500
 
 
 50460 8642.349 0.500
 
 
 50461 8643.300 0.500
 50463 8644.290 0.500
 
 
 50464 8644.293 0.500
 
 
 50465 8645.264 0.500
 
 
 50466 8645.267 0.500
 
 
 50467 8646.246 0.500
 
 
 50468 8646.248 0.500
 
 
 50469 8647.248 0.500
 
 
 50470 8647.251 0.500
 
 
 50471 8648.183 0.500
 
 
 50475 8650.207 0.500
 
 
 50476 8650.210 0.500
 
 
 50477 8651.178 0.500
 
 
 50478 8651.181 0.500
 50480 8652.182 0.500
 
 
 50481 8653.125 0.500
 
 
 50482 8653.128 0.500
 
 
 50487 8656.065 0.500
 50489 8657.049 0.500
 50491 8658.181 0.500
 
 
 50496 8660.036 0.500
 
 
 50501 8662.965 0.500
 
 
 50504 8663.921 0.500
 
 
 50505 8664.981 0.500
 
 
 50506 8664.981 0.500
 
 
 50507 8665.893 0.500
 
 
 50508 8665.912 0.500
 
 
 50509 8666.889 0.500
 50511 8667.915 0.500
 
 
 50512 8667.920 0.500
 
 
 50513 8668.884 0.500
 
 
 50514 8668.887 0.500
 
 
 50519 8671.823 0.500
 50521 8672.795 0.400
 50523 8673.796 0.467
 
 
 50524 8673.799 0.500
 
 
 50529 8676.822 0.667
 
 
 50530 8676.825 0.667
 
 
 50531 8677.729 0.633
 
 
 50558 8690.531 0.950
 
 
 50559 8691.493 1.000
 
 
 50562 8692.479 0.950
 
 
 50561 8692.510 1.000
 50563 8693.482 1.000
 
 
 50564 8693.485 1.000
 
 
 50565 8694.538 1.000
 
 
 50566 8694.541 1.000
 
 
 50567 8695.411 1.000
 
 
 50570 8696.415 1.000
 
 
 50569 8696.390 0.950
 
 
 50572 8697.397 0.900
 
 
 50571 8697.397 0.950
 
 
 50574 8698.368 1.000
 
 
 50575 8699.331 0.950
 50577 8700.306 1.000
 
 
 50578 8700.290 0.950
 50580 8701.347 0.850
 
 
 50581 8702.244 0.800
 
 
 50582 8702.439 0.750
 
 
 50583 8703.225 0.800
 
 
 50584 8703.264 0.850
 
 
 50587 8705.255 0.850
 
 
 50588 8705.260 0.800
 
 
 50591 8707.199 0.650
 
 
 50592 8707.202 0.600
 
 
 50593 8708.212 0.550
 
 
 50594 8708.215 0.550
 
 
 50599 8711.092 0.800
 
 
 50600 8711.095 0.850
 
 
 50601 8712.059 0.900
 50603 8713.082 1.000
 
 
 50604 8713.085 1.000
 50606 8714.166 1.000
 
 
 50607 8715.008 1.000
 
 
 50608 8715.011 1.000
 
 
 50609 8716.033 1.000
 50611 8716.969 0.900
 
 
 50612 8716.972 0.950
 
 
 50613 8717.974 0.950
 
 
 50614 8717.976 0.900
 
 
 50617 8719.934 0.933
 50619 8720.967 1.000
 50621 8721.909 0.867
 50623 8722.924 0.867
 
 
 50626 8723.795 0.700
 50628 8724.854 0.633
 
 
 50741 8780.530 0.667
 
 
 50742 8780.533 0.667
 
 
 50743 8781.478 0.633
 
 
 50744 8781.548 0.667
 
 
 50745 8782.444 0.633
 
 
 50746 8782.460 0.633
 
 
 50747 8783.429 0.667
 
 
 50748 8783.395 0.633
 50750 8784.423 0.667
 50752 8785.428 0.633
 
 
 50753 8786.309 0.633
 50755 8787.426 0.600
 
 
 50756 8787.493 0.633
 
 
 50757 8788.276 0.633
 50759 8789.300 0.600
 
 
 50760 8789.372 0.633
 
 
 50761 8790.327 0.667
 
 
 50762 8790.321 0.633
 
 
 50763 8791.277 0.667
 
 
 50764 8791.280 0.667
 
 
 50765 8792.237 0.667
 
 
 50766 8792.243 0.667
 
 
 50767 8793.215 0.667
 
 
 50768 8793.177 0.633
 
 
 50769 8794.407 0.633
 50771 8795.278 0.667
 
 
 50772 8795.282 0.633
 
 
 50773 8796.129 0.667
 
 
 50774 8796.108 0.633
 50776 8797.131 0.667
 
 
 50775 8797.131 0.633
 50777 8798.089 0.667
 
 
 50778 8798.044 0.633
 
 
 50779 8799.129 0.667
 
 
 50780 8799.134 0.667
 50782 8800.055 0.667
 
 
 50781 8800.063 0.667
 50783 8800.992 0.633
 
 
 50784 8800.995 0.633
 
 
 50785 8801.987 0.667
 50787 8802.964 0.667
 
 
 50788 8802.945 0.633
 
 
 50789 8803.951 0.667
 
 
 50790 8803.969 0.667
 50792 8805.011 0.633
 50794 8805.869 0.633
 
 
 50793 8805.954 0.667
 50795 8806.886 0.667
 
 
 50796 8806.889 0.667
 
 
 50797 8807.835 0.633
 
 
 50798 8807.997 0.633
 
 
 50799 8808.822 0.667
 50801 8810.762 0.633
 
 
 50802 8811.792 0.667
 
 
 50803 8812.773 0.667
 
 
 50804 8813.775 0.633
 50806 8815.718 0.667
 
 
 50807 8816.754 0.633
 
 
 50808 8817.640 0.633
 
 
 50809 8818.632 0.667
 50811 8820.580 0.667
 50813 8821.616 0.767
 
 
 50812 8821.616 0.733
 50814 8822.577 0.800
 
 
 50817 8823.499 0.867
 
 
 50816 8823.550 0.867
 50818 8824.473 0.867
 50820 8825.512 1.000
 
 
 50821 8825.542 1.000
 50823 8826.513 1.000
 
 
 50822 8826.533 1.000
 50824 8827.463 1.000
 
 
 50825 8827.474 0.933
 
 
 50826 8828.421 0.967
 
 
 50827 8828.424 0.933
 
 
 50828 8829.351 0.867
 
 
 50829 8829.361 0.867
 
 
 50830 8830.451 0.933
 
 
 50831 8830.459 0.967
 
 
 50832 8831.412 1.000
 
 
 50833 8831.417 0.967
 50835 8832.380 0.967
 
 
 50834 8832.452 1.000
 
 
 50837 8833.289 0.833
 
 
 50836 8833.297 0.900
 
 
 50840 8835.303 1.000
 
 
 50841 8835.306 1.000
 
 
 50842 8836.305 1.000
 
 
 50843 8836.261 0.967
 
 
 50844 8837.279 0.967
 
 
 50845 8837.253 0.900
 
 
 50846 8838.170 0.900
 
 
 50847 8838.228 0.900
 
 
 50848 8839.176 0.833
 
 
 50849 8840.143 0.800
 
 
 50850 8841.141 0.833
 
 
 50851 8842.126 0.867
 
 
 50852 8843.157 0.900
 
 
 50853 8844.092 0.933
 
 
 50854 8845.070 0.967
 
 
 50855 8846.101 1.000
 
 
 50856 8847.103 1.000
 
 
 50857 8848.060 1.000
 
 
 50858 8849.055 1.000
 
 
 50862 8852.009 0.867
 
 
 50863 8852.041 0.800
 
 
 50864 8853.022 0.867
 
 
 50865 8853.031 0.900
 
 
 50866 8854.012 0.933
 
 
 50867 8853.963 0.933
 
 
 50868 8854.975 1.000
 50870 8855.952 1.000
 
 
 50871 8855.929 0.967
 
 
 50872 8856.937 0.967
 50874 8857.928 1.000
 
 
 50875 8857.938 1.000
 
 
 50876 8858.855 0.967
 50878 8859.858 0.900
 
 
 50881 8860.822 0.967
 
 
 50880 8860.797 0.900
 50882 8861.852 1.000
 
 
 50883 8861.855 1.000
 
 
 50884 8862.798 0.967
 50886 8863.787 0.933
 
 
 50887 8863.861 0.933
 
 
 50888 8864.751 1.000
 
 
 50889 8864.748 0.967
 50891 8865.709 0.967
 
 
 50890 8865.780 1.000
 
 
 50893 8866.650 0.933
 
 
 50892 8866.711 0.933
 50894 8867.702 1.000
 
 
 50895 8867.675 0.967
 50897 8868.632 0.900
 
 
 50896 8868.608 0.900
 
 
 50899 8869.697 0.833
 
 
 50898 8869.679 0.833
 
 
 50901 8870.685 0.833
 
 
 50900 8870.651 0.767
 50902 8871.558 0.867
 
 
 50903 8871.561 0.900
 
 
 50904 8872.527 0.933
 50906 8873.551 1.000
 
 
 50909 8874.473 0.967
 
 
 50908 8874.486 0.900
 50910 8875.544 0.967
 50912 8876.455 0.867
 
 
 50913 8876.483 0.933
 
 
 50914 8877.476 1.000
 
 
 50915 8877.440 0.967
 
 
 50916 8878.405 0.933
 
 
 50919 8879.630 0.833
 
 
 50920 8880.395 0.833
 
 
 50921 8881.432 0.833
 
 
 50922 8882.379 0.800
 50924 8884.386 0.667
 
 
 50925 8885.300 0.600
 
 
 50926 8886.333 0.533
 50928 8887.315 0.467
 50930 8888.250 0.467
 50932 8889.458 0.533
 50934 8890.225 0.600
 
 
 50935 8890.233 0.633
 
 
 50936 8891.286 0.700
 
 
 50937 8891.240 0.700
 
 
 50938 8892.194 0.700
 
 
 50939 8892.197 0.767
 
 
 50940 8893.259 0.833
 
 
 50941 8893.259 0.867
 50943 8894.210 0.933
 
 
 50942 8894.175 0.867
 50944 8895.150 0.933
 
 
 50945 8895.203 0.933
 
 
 50949 8897.127 0.867
 
 
 50948 8897.149 0.800
 50950 8898.120 0.933
 
 
 50951 8898.236 1.000
 
 
 50952 8899.078 0.933
 
 
 50955 8900.614 0.767
 
 
 50959 8902.112 0.767
 
 
 50958 8902.026 0.767
 50960 8903.010 0.700
 
 
 50961 8903.013 0.700
 50963 8904.005 0.800
 
 
 50962 8904.029 0.733
 50964 8905.056 0.867
 
 
 50965 8905.096 0.900
 
 
 50966 8906.007 0.900
 
 
 50967 8906.018 0.933
 
 
 50968 8907.019 0.967
 
 
 50969 8907.019 0.933
 
 
 50973 8909.009 0.767
 
 
 50972 8909.182 0.833
 50974 8910.364 0.733
 
 
 50978 8911.932 0.733
 50980 8913.038 0.733
 
 
 50991 8917.789 0.500
 
 
 50990 8917.804 0.500
 50992 8918.836 0.500
 
 
 50993 8918.836 0.500
 
 
 51016 8930.513 0.780
 
 
 51017 8930.523 0.840
 
 
 51018 8931.438 0.880
 
 
 51019 8931.441 0.900
 51021 8932.515 0.960
 
 
 51020 8932.487 0.980
 51022 8933.403 0.940
 
 
 51023 8933.405 0.920
 
 
 51024 8934.468 0.940
 
 
 51025 8934.468 0.980
 
 
 51026 8935.403 0.940
 
 
 51027 8935.413 0.920
 
 
 51028 8936.441 0.860
 
 
 51031 8937.336 0.740
 
 
 51030 8937.413 0.800
 51032 8938.344 0.680
 
 
 51033 8938.344 0.600
 
 
 51034 8939.375 0.520
 
 
 51035 8939.375 0.467
 
 
 51036 8940.307 0.467
 
 
 51037 8940.307 0.400
 
 
 51043 8943.221 0.533
 
 
 51044 8944.202 0.540
 
 
 51045 8945.224 0.620
 51047 8947.126 0.700
 
 
 51050 8950.081 0.900
 
 
 51051 8951.082 0.980
 
 
 51052 8951.994 0.920
 
 
 51053 8952.889 0.900
 
 
 51054 8953.856 0.860
 
 
 51055 8954.948 0.860
 
 
 51056 8955.840 0.820
 
 
 51057 8955.939 0.780
 
 
 51058 8956.891 0.560
 
 
 51064 8959.895 0.950
 
 
 51065 8959.895 1.000
 51067 8960.866 0.950
 
 
 51066 8960.830 0.950
 
 
 51071 8962.879 0.850
 
 
 51070 8962.879 0.800
 
 
 51074 8964.812 1.000
 51076 8965.833 1.000
 
 
 51077 8965.833 0.950
 
 
 51081 8967.736 0.750
 
 
 51087 8970.660 0.500
 
 
 51091 8972.613 0.500
 
 
 51090 8972.613 0.500
 
 
 51097 8975.577 0.500
 
 
 51118 8986.313 0.500
 
 
 51125 8989.247 0.500
 
 
 51131 8992.201 0.500
 51133 8993.193 0.500
 
 
 51134 8994.134 0.500
 51136 8995.115 0.500
 
 
 51137 8995.125 0.500
 
 
 51142 8998.100 0.500
 
 
 51143 8998.100 0.500
 
 
 51147 9000.043 0.500
 
 
 51146 9000.053 0.500
 
 
 51149 9001.044 0.500
 
 
 51148 9001.044 0.500
 
 
 51153 9002.987 0.500
 
 
 51152 9002.987 0.500
 
 
 51155 9003.958 0.500
 
 
 51154 9003.958 0.500
 
 
 51159 9005.896 0.500
 51161 9006.872 0.500
 
 
 51160 9006.882 0.500
 51162 9007.864 0.500
 
 
 51163 9007.874 0.500
 
 
 51164 9008.835 0.500
 
 
 51165 9008.835 0.500
 
 
 51169 9010.778 0.500
 
 
 51168 9010.788 0.500
 
 
 51188 9020.562 1.000
 
 
 51189 9020.572 0.950
 
 
 51190 9021.565 1.000
 
 
 51191 9021.568 1.000
 
 
 51192 9022.506 1.000
 
 
 51195 9023.486 1.000
 
 
 51194 9023.486 1.000
 51196 9024.455 1.000
 
 
 51197 9024.508 0.950
 51199 9025.429 1.000
 
 
 51198 9025.429 1.000
 51200 9026.420 1.000
 
 
 51201 9026.426 1.000
 
 
 51202 9027.372 1.000
 
 
 51203 9027.373 0.950
 
 
 51204 9029.337 1.000
 
 
 51205 9029.340 1.000
 
 
 51206 9030.310 1.000
 
 
 51207 9030.313 1.000
 
 
 51208 9031.284 1.000
 51210 9032.252 1.000
 
 
 51211 9032.255 1.000
 
 
 51212 9033.269 1.000
 
 
 51213 9033.280 1.000
 
 
 51214 9034.262 1.000
 
 
 51215 9034.265 1.000
 
 
 51216 9035.188 1.000
 
 
 51217 9035.193 1.000
 
 
 51218 9036.158 1.000
 
 
 51219 9038.129 1.000
 
 
 51220 9039.090 1.000
 
 
 51221 9040.064 1.000
 51223 9042.039 1.000
 
 
 51224 9042.968 0.950
 
 
 51225 9043.970 1.000
 
 
 51226 9044.967 1.000
 51228 9046.977 0.950
 
 
 51229 9047.878 1.000
 
 
 51230 9048.858 1.000
 
 
 51231 9049.844 1.000
 
 
 51232 9050.802 0.950
 51234 9051.807 1.000
 
 
 51235 9052.797 1.000
 
 
 51236 9052.803 1.000
 
 
 51237 9053.738 1.000
 
 
 51238 9053.760 1.000
 
 
 51239 9054.731 1.000
 
 
 51240 9054.741 0.950
 
 
 51241 9055.713 1.000
 51243 9056.764 1.000
 51245 9057.670 1.000
 
 
 51246 9057.685 0.950
 51248 9058.648 1.000
 51250 9059.702 1.000
 
 
 51254 9061.545 0.950
 
 
 51255 9062.559 1.000
 
 
 51256 9062.565 1.000
 
 
 51257 9063.511 1.000
 
 
 51258 9063.502 0.950
 
 
 51259 9064.491 1.000
 51261 9065.459 1.000
 
 
 51262 9065.487 1.000
 
 
 51263 9066.516 1.000
 51265 9067.428 1.000
 
 
 51266 9067.399 0.950
 
 
 51267 9068.387 1.000
 
 
 51268 9068.380 0.950
 
 
 51269 9069.389 1.000
 
 
 51272 9070.534 0.950
 
 
 51273 9071.316 1.000
 51275 9072.312 1.000
 
 
 51278 9073.340 1.000
 
 
 51277 9073.322 0.950
 51279 9074.288 1.000
 
 
 51280 9074.296 1.000
 
 
 51281 9075.236 0.950
 
 
 51288 9078.155 0.950
 
 
 51287 9078.169 0.900
 51289 9079.157 1.000
 
 
 51290 9079.136 0.950
 
 
 51291 9080.097 1.000
 
 
 51292 9080.148 1.000
 
 
 51293 9081.125 1.000
 51295 9082.029 0.900
 
 
 51296 9082.045 0.850
 51298 9083.039 0.750
 
 
 51297 9083.056 0.800
 51299 9083.996 0.700
 
 
 51300 9084.013 0.650
 51302 9085.003 0.600
 
 
 51306 9086.957 0.800
 
 
 51305 9086.972 0.750
 51307 9087.907 0.850
 
 
 51308 9087.935 0.900
 51310 9088.980 1.000
 
 
 51309 9089.111 0.950
 51311 9089.912 1.000
 51313 9090.897 0.900
 
 
 51314 9090.963 0.950
 
 
 51315 9091.853 1.000
 
 
 51316 9091.849 0.950
 
 
 51317 9092.845 1.000
 51319 9093.813 1.000
 
 
 51322 9094.879 0.950
 
 
 51323 9095.770 1.000
 
 
 51324 9095.745 0.950
 
 
 51325 9096.703 0.900
 
 
 51326 9096.729 0.850
 51328 9097.711 0.750
 
 
 51329 9098.699 0.700
 
 
 51332 9099.723 0.550
 
 
 51333 9100.617 0.500
 
 
 51334 9100.646 0.500
 
 
 51335 9101.742 0.500
 51337 9102.612 0.500
 
 
 51342 9104.735 0.500
 
 
 51341 9104.767 0.500
 51343 9105.555 0.500
 
 
 51347 9107.472 0.500
 
 
 51351 9109.454 0.500
 
 
 51352 9109.461 0.500
 51354 9110.441 0.500
 
 
 51353 9110.446 0.500
 
 
 51356 9111.407 0.550
 
 
 51355 9111.427 0.500
 51357 9112.433 0.600
 
 
 51358 9112.444 0.650
 51360 9113.426 0.750
 
 
 51361 9114.378 0.800
 
 
 51365 9116.353 0.950
 
 
 51366 9116.464 0.950
 51368 9117.351 0.850
 
 
 51367 9117.365 0.900
 51369 9118.282 0.900
 51371 9119.287 1.000
 
 
 51372 9119.290 1.000
 
 
 51373 9120.289 1.000
 
 
 51374 9120.292 1.000
 
 
 51375 9121.258 1.000
 51377 9122.229 1.000
 51379 9123.213 1.000
 
 
 51380 9123.215 1.000
 
 
 51381 9124.203 1.000
 
 
 51384 9125.172 1.000
 
 
 51383 9125.247 0.950
 51385 9126.103 0.950
 51387 9127.152 1.000
 
 
 51388 9127.155 1.000
 
 
 51389 9128.111 0.950
 51391 9129.027 0.850
 
 
 51392 9129.030 0.850
 
 
 51393 9130.013 0.900
 51395 9131.083 1.000
 
 
 51417 9141.796 0.500
 
 
 51418 9141.796 0.500
 
 
 51422 9143.821 0.500
 
 
 51427 9146.663 0.500
 
 
 51445 9155.465 0.900
 
 
 51446 9155.486 0.950
 
 
 51447 9156.432 0.950
 51449 9157.450 1.000
 
 
 51454 9159.330 0.950
 
 
 51455 9160.423 1.000
 51457 9161.375 1.000
 
 
 51458 9161.435 1.000
 
 
 51459 9162.309 1.000
 
 
 51460 9162.336 0.950
 51462 9163.274 0.850
 
 
 51467 9166.191 0.850
 
 
 51468 9166.192 0.900
 51470 9167.206 1.000
 
 
 51473 9169.124 0.367
 51475 9170.041 0.433
 
 
 51476 9170.044 0.433
 
 
 51479 9171.968 0.367
 51481 9173.066 0.750
 
 
 51486 9174.997 0.750
 
 
 51487 9175.996 0.800
 
 
 51488 9175.996 0.850
 
 
 51492 9177.978 1.000
 
 
 51491 9177.978 1.000
 51493 9178.936 1.000
 51495 9179.892 0.950
 
 
 51496 9179.941 1.000
 51498 9180.883 0.900
 
 
 51499 9181.874 0.900
 51501 9182.855 1.000
 
 
 51502 9182.855 1.000
 
 
 51503 9183.837 0.950
 
 
 51504 9183.847 0.900
 
 
 51507 9185.754 1.000
 
 
 51508 9185.800 1.000
 
 
 51513 9188.668 0.750
 
 
 51520 9191.631 0.950
 
 
 51519 9191.602 0.950
 51521 9192.630 1.000
 
 
 51522 9192.640 1.000
 
 
 51523 9193.581 0.950
 51525 9194.582 0.850
 
 
 51526 9194.582 0.800
 
 
 51527 9195.784 0.750
 
 
 51533 9198.578 1.000
 
 
 51534 9198.598 1.000
 
 
 51535 9199.484 0.950
 51537 9200.465 0.950
 
 
 51538 9200.543 1.000
 51540 9201.433 0.900
 
 
 51539 9201.476 0.950
 
 
 51544 9203.398 0.700
 
 
 51543 9203.419 0.750
 
 
 51551 9207.295 0.900
 51553 9208.291 0.900
 
 
 51554 9208.294 0.850
 
 
 51561 9214.137 0.950
 
 
 51562 9215.152 1.000
 
 
 51563 9216.102 1.000
 51565 9217.115 1.000
 
 
 51564 9217.099 0.950
 51566 9218.086 0.950
 
 
 51567 9218.126 0.900
 51569 9219.068 0.800
 
 
 51568 9219.068 0.850
 51570 9220.249 0.800
 
 
 51574 9221.955 1.000
 
 
 51575 9222.012 1.000
 
 
 51576 9222.931 0.950
 
 
 51577 9222.953 0.900
 
 
 51584 9226.833 0.650
 
 
 51590 9229.760 0.850
 
 
 51593 9230.751 0.850
 
 
 51596 9232.712 0.850
 
 
 51597 9232.714 0.900
 
 
 51598 9233.701 0.950
 
 
 51599 9233.704 1.000
 
 
 51609 9238.621 1.000
 
 
 51608 9238.610 0.950
 51610 9239.581 0.950
 
 
 51611 9239.584 0.900
 51613 9240.598 0.800
 
 
 51612 9240.598 0.850
 
 
 51617 9242.501 0.600
 
 
 51616 9242.521 0.650
 51618 9243.538 0.650
 
 
 51621 9244.504 0.800
 
 
 51625 9246.451 1.000
 51627 9247.386 0.950
 
 
 51626 9247.402 0.950
 51628 9248.393 1.000
 51630 9249.322 0.900
 51632 9250.327 0.800
 51634 9251.298 0.700
 
 
 51637 9252.295 0.650
 
 
 51636 9252.299 0.600
 
 
 51639 9253.341 0.750
 51641 9254.230 0.850
 
 
 51640 9254.252 0.800
 51642 9255.334 0.900
 51644 9256.206 0.900
 
 
 51645 9256.209 0.850
 
 
 51650 9259.106 0.750
 
 
 51654 9261.102 0.800
 
 
 51658 9263.075 1.000
 51660 9264.037 1.000
 
 
 51664 9265.999 1.000
 
 
 51667 9267.017 0.850
 
 
 51666 9267.021 0.900
 51668 9267.911 0.900
 51670 9268.939 1.000
 
 
 51671 9268.949 1.000
 51673 9270.942 1.000
 
 
 51674 9271.868 0.950
 
 
 51675 9272.839 0.950
 
 
 51676 9273.866 1.000
 
 
 51677 9274.810 0.950
 
 
 51678 9275.802 1.000
 
 
 51679 9276.801 1.000
 
 
 51680 9277.726 0.950
 
 
 51681 9278.697 0.900
 
 
 51682 9279.699 0.950
 
 
 51683 9280.706 1.000
 
 
 51684 9281.678 1.000
 
 
 51685 9282.669 1.000
 
 
 51686 9283.640 1.000
 
 
 51687 9284.602 0.950
 
 
 51688 9285.567 0.950
 51690 9286.545 0.850
 
 
 51689 9286.569 0.900
 
 
 51692 9287.518 0.850
 
 
 51691 9287.540 0.800
 51693 9288.495 0.900
 
 
 51694 9288.498 0.950
 51696 9289.509 1.000
 
 
 51695 9289.517 1.000
 
 
 51698 9290.525 1.000
 
 
 51697 9290.745 0.950
 51699 9291.447 1.000
 
 
 51703 9293.372 0.800
 
 
 51704 9293.375 0.750
 
 
 51705 9294.350 0.700
 
 
 51706 9294.400 0.750
 51708 9295.337 0.850
 
 
 51707 9295.371 0.800
 51709 9296.279 0.900
 51711 9297.306 1.000
 
 
 51715 9299.273 1.000
 
 
 51716 9299.276 1.000
 
 
 51717 9300.208 0.950
 
 
 51720 9301.208 1.000
 
 
 51719 9301.210 0.950
 51721 9302.171 0.950
 
 
 51724 9303.219 0.900
 
 
 51723 9303.219 0.900
 
 
 51726 9304.154 0.900
 
 
 51729 9306.072 0.950
 
 
 51730 9306.173 0.950
 
 
 51734 9308.126 0.950
 
 
 51733 9308.090 0.950
 
 
 51736 9309.071 0.950
 
 
 51737 9310.209 1.000
 
 
 51738 9310.219 0.950
 
 
 51739 9311.020 1.000
 
 
 51740 9311.020 0.950
 51742 9312.041 0.950
 
 
 51741 9312.041 1.000
 51743 9313.013 1.000
 
 
 51746 9313.984 1.000
 
 
 51745 9313.994 1.000
 51747 9315.015 1.000
 51749 9316.107 1.000
 
 
 51752 9317.008 0.950
 51754 9317.970 0.950
 
 
 51753 9317.970 1.000
 51755 9318.890 1.000
 
 
 51756 9318.901 0.950
 
 
 51757 9319.872 1.000
 
 
 51758 9319.882 1.000
 
 
 51764 9322.026 1.000
 51766 9322.837 0.950
 
 
 51765 9322.866 1.000
 
 
 51768 9322.867 1.000
 51770 9322.874 1.000
 
 
 51769 9322.877 0.950
 51771 9322.830 0.950
 51773 9323.828 0.950
 
 
 51774 9323.838 1.000
 
 
 51772 9323.848 1.000
 
 
 51775 9323.858 0.950
 
 
 51776 9323.878 1.000
 51778 9323.878 1.000
 
 
 51781 9324.859 1.000
 
 
 51785 9324.860 1.000
 
 
 51783 9324.862 1.000
 
 
 51779 9324.920 1.000
 
 
 51794 9327.103 0.800
 
 
 51798 9327.448 0.800
 
 
 51799 9327.458 0.850
 
 
 51806 9327.924 1.000
 
 
 51802 9328.004 1.000
 51804 9328.024 1.000
 
 
 51801 9328.068 0.950
 
 
 51807 9328.805 1.000
 
 
 51808 9328.825 1.000
 
 
 51809 9328.845 0.950
 
 
 51810 9328.865 1.000
 51812 9328.935 1.000
 
 
 51811 9328.935 0.950
 51813 9328.986 1.000
 
 
 51814 9329.801 0.950
 
 
 51815 9329.876 0.900
 
 
 51816 9329.878 0.850
 
 
 51817 9329.881 0.800
 
 
 51818 9329.884 0.850
 51820 9329.887 0.950
 
 
 51821 9330.828 1.000
 
 
 51822 9330.828 1.000
 51824 9330.848 0.950
 
 
 51823 9330.868 1.000
 
 
 51827 9330.908 0.950
 
 
 51825 9330.908 0.950
 
 
 51826 9330.908 1.000
 51828 9331.780 1.000
 
 
 51832 9331.785 1.000
 
 
 51829 9331.800 0.950
 
 
 51830 9331.820 1.000
 
 
 51831 9331.840 1.000
 51833 9331.870 1.000
 
 
 51834 9331.880 1.000
 
 
 51835 9332.791 1.000
 
 
 51836 9332.801 0.950
 
 
 51837 9332.811 1.000
 
 
 51838 9332.831 0.950
 
 
 51839 9332.871 1.000
 
 
 51840 9332.871 1.000
 
 
 51841 9332.871 1.000
 
 
 51844 9333.774 0.850
 
 
 51842 9333.777 0.950
 
 
 51843 9333.783 0.900
 
 
 51846 9333.865 0.850
 51848 9333.892 0.950
 
 
 51845 9333.917 0.800
 
 
 51849 9334.768 1.000
 51851 9334.771 1.000
 
 
 51854 9334.777 0.950
 
 
 51855 9334.773 0.950
 
 
 51853 9334.798 0.950
 
 
 51857 9335.755 1.000
 
 
 51856 9335.755 1.000
 
 
 51859 9335.805 0.950
 
 
 51860 9335.805 0.950
 
 
 51858 9335.885 1.000
 
 
 51861 9335.976 1.000
 
 
 51862 9335.976 0.950
 
 
 51868 9336.763 0.950
 
 
 51869 9336.766 1.000
 
 
 51865 9336.867 0.950
 51867 9336.937 0.950
 
 
 51864 9336.937 1.000
 51866 9336.977 1.000
 
 
 51871 9337.708 1.000
 
 
 51870 9337.718 1.000
 
 
 51873 9337.738 1.000
 
 
 51876 9337.748 1.000
 
 
 51875 9337.778 0.950
 
 
 51878 9338.680 1.000
 51880 9338.700 1.000
 
 
 51881 9338.710 0.950
 
 
 51882 9338.750 1.000
 
 
 51877 9338.760 1.000
 
 
 51883 9338.770 0.950
 51885 9339.661 1.000
 
 
 51886 9339.681 1.000
 
 
 51887 9339.691 0.950
 
 
 51888 9339.701 1.000
 
 
 51884 9339.741 1.000
 
 
 51894 9340.662 0.750
 
 
 51895 9340.672 0.800
 51897 9340.691 0.900
 
 
 51896 9340.692 0.850
 
 
 51891 9340.707 0.850
 
 
 51899 9341.639 0.900
 
 
 51900 9341.641 0.850
 51902 9341.644 0.750
 51904 9341.655 0.650
 
 
 51903 9341.694 0.700
 51905 9342.639 0.600
 
 
 51906 9342.642 0.650
 
 
 51907 9342.644 0.700
 
 
 51908 9342.647 0.750
 
 
 51909 9342.650 0.800
 51911 9342.653 0.900
 
 
 51912 9343.597 0.950
 
 
 51913 9343.600 1.000
 
 
 51914 9343.603 0.950
 
 
 51919 9344.552 0.700
 51921 9344.554 0.600
 51923 9344.626 0.500
 
 
 51924 9344.629 0.500
 
 
 51927 9345.526 0.500
 
 
 51933 9346.577 0.700
 
 
 51934 9346.580 0.750
 
 
 51935 9346.583 0.800
 
 
 51936 9346.585 0.850
 
 
 51939 9347.542 1.000
 
 
 51940 9347.545 1.000
 
 
 51943 9347.550 0.950
 
 
 51944 9347.502 0.950
 
 
 51945 9348.458 0.900
 51947 9348.508 0.800
 
 
 51948 9348.511 0.750
 
 
 51949 9348.514 0.700
 
 
 51950 9348.517 0.650
 51952 9349.445 0.550
 
 
 51955 9349.446 0.550
 
 
 51951 9349.469 0.600
 
 
 51957 9350.416 0.650
 
 
 51958 9350.430 0.700
 51960 9350.446 0.800
 
 
 51964 9351.490 1.000
 
 
 51965 9351.493 1.000
 51967 9351.498 1.000
 51969 9352.435 1.000
 
 
 51972 9352.438 0.850
 
 
 51973 9352.441 0.900
 
 
 51971 9352.464 0.900
 
 
 51975 9353.446 1.000
 
 
 51978 9353.452 1.000
 51980 9353.457 1.000
 
 
 51977 9353.415 0.950
 
 
 51981 9354.420 1.000
 
 
 51982 9354.423 1.000
 
 
 51985 9354.429 1.000
 51987 9355.425 1.000
 
 
 51991 9355.428 0.900
 
 
 51988 9355.462 0.950
 
 
 51989 9355.465 0.900
 
 
 51993 9356.349 0.900
 
 
 51996 9356.389 0.850
 
 
 51997 9356.414 0.900
 
 
 51998 9356.417 0.950
 
 
 52001 9357.325 0.950
 
 
 51999 9357.447 1.000
 
 
 52002 9357.457 0.950
 
 
 52003 9357.457 1.000
 52005 9358.295 0.900
 
 
 52010 9358.377 0.950
 
 
 52007 9358.338 0.850
 
 
 52008 9358.348 0.900
 
 
 52013 9359.319 0.950
 
 
 52011 9359.389 1.000
 
 
 52014 9359.395 1.000
 
 
 52015 9359.529 0.950
 
 
 52020 9360.365 1.000
 52022 9360.371 1.000
 
 
 52017 9360.385 0.850
 
 
 52025 9361.508 0.850
 
 
 52023 9361.517 0.950
 
 
 52029 9362.364 0.650
 
 
 52030 9362.374 0.600
 52032 9362.380 0.500
 52034 9362.383 0.500
 
 
 52035 9363.285 0.500
 
 
 52039 9363.291 0.500
 
 
 52037 9363.319 0.500
 
 
 52040 9363.413 0.500
 
 
 52041 9364.240 0.500
 52043 9364.276 0.500
 52045 9364.286 0.600
 
 
 52046 9364.301 0.650
 
 
 52047 9365.273 0.700
 
 
 52048 9365.276 0.750
 
 
 52051 9365.279 0.900
 52053 9366.226 1.000
 
 
 52058 9366.379 1.000
 
 
 52059 9367.191 1.000
 52061 9367.286 1.000
 52063 9367.292 1.000
 
 
 52064 9367.294 1.000
 
 
 52065 9368.177 1.000
 52067 9368.182 0.900
 52069 9368.237 0.950
 
 
 52070 9368.240 1.000
 
 
 52068 9368.216 0.950
 
 
 52071 9369.183 1.000
 52073 9369.186 0.950
 
 
 52072 9369.172 0.950
 
 
 52075 9369.224 1.000
 
 
 52076 9369.193 0.950
 
 
 52077 9370.204 1.000
 
 
 52078 9370.207 1.000
 
 
 52079 9370.209 1.000
 
 
 52080 9370.212 1.000
 52082 9370.215 1.000
 
 
 52083 9371.113 1.000
 52085 9371.115 1.000
 
 
 52088 9371.149 0.950
 
 
 52087 9371.156 0.900
 52089 9372.117 1.000
 
 
 52090 9372.120 1.000
 
 
 52091 9372.122 1.000
 
 
 52092 9372.124 0.950
 
 
 52095 9373.112 1.000
 
 
 52096 9373.115 1.000
 
 
 52097 9373.118 1.000
 
 
 52098 9373.120 1.000
 52100 9373.123 1.000
 
 
 52099 9373.213 0.950
 
 
 52102 9374.094 1.000
 
 
 52103 9374.077 0.950
 
 
 52106 9374.130 1.000
 
 
 52110 9375.066 0.950
 
 
 52111 9375.068 1.000
 
 
 52107 9375.026 0.950
 
 
 52112 9375.116 1.000
 
 
 52113 9376.013 1.000
 
 
 52119 9377.057 1.000
 
 
 52120 9377.060 1.000
 
 
 52124 9377.066 1.000
 
 
 52121 9377.035 0.950
 
 
 52126 9377.966 0.900
 52128 9377.969 0.800
 
 
 52135 9378.954 0.650
 
 
 52131 9378.972 0.650
 52133 9378.988 0.550
 
 
 52142 9379.972 0.850
 
 
 52145 9384.485 0.950
 
 
 52146 9385.571 0.950
 
 
 52147 9386.508 1.000
 52149 9388.425 0.950
 
 
 52150 9389.453 1.000
 
 
 52151 9390.353 0.950
 
 
 52152 9391.385 1.000
 
 
 52155 9394.293 0.850
 
 
 52156 9395.311 0.800
 
 
 52157 9396.272 0.750
 
 
 52158 9397.264 0.700
 
 
 52161 9400.178 0.750
 
 
 52162 9401.159 0.800
 
 
 52166 9405.155 1.000
 52168 9407.076 0.900
 
 
 52172 9410.938 0.800
 
 
 52178 9413.905 0.700
 52180 9414.869 0.600
 
 
 52184 9416.813 0.500
 
 
 52185 9416.816 0.500
 52187 9417.833 0.600
 
 
 52186 9417.833 0.550
 
 
 52190 9419.749 0.750
 
 
 52191 9419.752 0.800
 
 
 52195 9421.709 0.850
 
 
 52198 9423.651 0.850
 
 
 52199 9423.654 0.800
 
 
 52211 9429.508 0.500
 
 
 52231 9439.330 0.500
