# Using data column 5, no count column
# Input filename: dl
# First data column is: 138.281862
MIN: 115.153231
MAX: 448.737018
0 
0.00173611111111111 115.153231
0.00347222222222222 115.513315
0.00520833333333333 116.766366
0.00694444444444444 117.616302
0.00868055555555556 119.107773
0.0104166666666667 119.203162
0.0121527777777778 120.822501
0.0138888888888889 121.181615
0.015625 121.196594
0.0173611111111111 121.417801
0.0190972222222222 121.650808
0.0208333333333333 121.650808
0.0225694444444444 121.774974
0.0243055555555556 122.423337
0.0260416666666667 122.732429
0.0277777777777778 122.796193
0.0295138888888889 122.929549
0.03125 123.066709
0.0329861111111111 123.491594
0.0347222222222222 123.512444
0.0364583333333333 123.658101
0.0381944444444444 124.107971
0.0399305555555556 124.389090
0.0416666666666667 124.389090
0.0434027777777778 124.588987
0.0451388888888889 125.111613
0.046875 125.339045
0.0486111111111111 125.363413
0.0503472222222222 125.753779
0.0520833333333333 125.783432
0.0538194444444444 125.860051
0.0555555555555555 125.885855
0.0572916666666666 126.113039
0.0590277777777777 126.161744
0.0607638888888888 126.303398
0.0625 126.448823
0.0642361111111111 126.567897
0.0659722222222222 126.603106
0.0677083333333333 126.732248
0.0694444444444444 126.786377
0.0711805555555555 126.980624
0.0729166666666666 127.071552
0.0746527777777777 127.213852
0.0763888888888888 127.407123
0.0781249999999999 127.491086
0.079861111111111 127.542954
0.0815972222222221 127.578117
0.0833333333333332 127.753273
0.0850694444444444 127.880687
0.0868055555555555 128.031981
0.0885416666666666 128.159196
0.0902777777777777 128.163462
0.0920138888888888 128.341653
0.0937499999999999 128.351388
0.095486111111111 128.385581
0.0972222222222221 128.395853
0.0989583333333332 128.492634
0.100694444444444 128.508921
0.102430555555555 128.534915
0.104166666666667 128.567892
0.105902777777778 128.570830
0.107638888888889 128.660778
0.109375 128.746018
0.111111111111111 128.825545
0.112847222222222 128.967653
0.114583333333333 128.987334
0.116319444444444 129.025601
0.118055555555555 129.150793
0.119791666666667 129.203996
0.121527777777778 129.282395
0.123263888888889 129.405862
0.125 129.450937
0.126736111111111 129.754153
0.128472222222222 129.764866
0.130208333333333 129.890411
0.131944444444444 130.081433
0.133680555555555 130.146119
0.135416666666666 130.343091
0.137152777777778 130.394850
0.138888888888889 130.397357
0.140625 130.533816
0.142361111111111 130.556199
0.144097222222222 130.567059
0.145833333333333 130.762561
0.147569444444444 130.950572
0.149305555555555 131.130952
0.151041666666666 131.206376
0.152777777777778 131.346183
0.154513888888889 131.410156
0.15625 131.435160
0.157986111111111 131.437257
0.159722222222222 131.514537
0.161458333333333 131.534362
0.163194444444444 131.644166
0.164930555555555 131.679817
0.166666666666666 131.754951
0.168402777777778 131.785335
0.170138888888889 131.810830
0.171875 131.835886
0.173611111111111 131.901032
0.175347222222222 131.995415
0.177083333333333 132.023868
0.178819444444444 132.135630
0.180555555555555 132.146421
0.182291666666666 132.224837
0.184027777777777 132.363205
0.185763888888889 132.384568
0.1875 132.408685
0.189236111111111 132.466752
0.190972222222222 132.552960
0.192708333333333 132.565290
0.194444444444444 132.583326
0.196180555555555 132.643948
0.197916666666666 132.679103
0.199652777777777 132.755275
0.201388888888889 132.882539
0.203125 132.965844
0.204861111111111 133.074102
0.206597222222222 133.379376
0.208333333333333 133.402922
0.210069444444444 133.505072
0.211805555555555 133.538274
0.213541666666666 133.618320
0.215277777777777 133.682153
0.217013888888889 133.750032
0.21875 133.758810
0.220486111111111 133.928900
0.222222222222222 133.930400
0.223958333333333 133.977517
0.225694444444444 134.009102
0.227430555555555 134.012370
0.229166666666666 134.071084
0.230902777777777 134.076471
0.232638888888888 134.155379
0.234375 134.169038
0.236111111111111 134.169791
0.237847222222222 134.359774
0.239583333333333 134.481756
0.241319444444444 134.483123
0.243055555555555 134.598999
0.244791666666666 134.605411
0.246527777777777 134.656212
0.248263888888888 134.671267
0.25 134.672161
0.251736111111111 134.723923
0.253472222222222 134.727702
0.255208333333333 134.732199
0.256944444444444 134.804969
0.258680555555555 134.839333
0.260416666666666 134.844353
0.262152777777777 134.850570
0.263888888888888 134.858168
0.265625 134.939149
0.267361111111111 135.286287
0.269097222222222 135.365848
0.270833333333333 135.406989
0.272569444444444 135.438897
0.274305555555555 135.506885
0.276041666666666 135.523323
0.277777777777777 135.623985
0.279513888888888 135.634116
0.281249999999999 135.701131
0.282986111111111 135.702160
0.284722222222222 135.729097
0.286458333333333 135.817572
0.288194444444444 135.893565
0.289930555555555 135.991589
0.291666666666666 136.021938
0.293402777777777 136.327399
0.295138888888888 136.398084
0.296874999999999 136.411363
0.298611111111111 136.581001
0.300347222222222 136.608875
0.302083333333333 136.625879
0.303819444444444 136.641359
0.305555555555555 136.663050
0.307291666666666 136.828254
0.309027777777777 136.877291
0.310763888888888 136.893046
0.312499999999999 137.130136
0.31423611111111 137.142660
0.315972222222222 137.145033
0.317708333333333 137.209084
0.319444444444444 137.214613
0.321180555555555 137.224519
0.322916666666666 137.308016
0.324652777777777 137.413256
0.326388888888888 137.451084
0.328125 137.516706
0.329861111111111 137.538073
0.331597222222222 137.547259
0.333333333333333 137.569186
0.335069444444444 137.615155
0.336805555555555 137.680912
0.338541666666666 137.699895
0.340277777777778 137.710738
0.342013888888889 137.729826
0.34375 137.814107
0.345486111111111 137.837794
0.347222222222222 137.842611
0.348958333333333 137.881311
0.350694444444444 137.915389
0.352430555555556 138.068872
0.354166666666667 138.121715
0.355902777777778 138.181839
0.357638888888889 138.259368
0.359375 138.261708
0.361111111111111 138.281862
0.362847222222222 138.342447
0.364583333333333 138.435614
0.366319444444445 138.504100
0.368055555555556 138.549450
0.369791666666667 138.574659
0.371527777777778 138.583177
0.373263888888889 138.615329
0.375 138.632907
0.376736111111111 138.719618
0.378472222222223 138.750218
0.380208333333334 138.807265
0.381944444444445 138.832459
0.383680555555556 138.908641
0.385416666666667 138.937575
0.387152777777778 139.073679
0.38888888888889 139.120287
0.390625000000001 139.204698
0.392361111111112 139.278777
0.394097222222223 139.298591
0.395833333333334 139.345762
0.397569444444445 139.359648
0.399305555555556 139.396061
0.401041666666668 139.454995
0.402777777777779 139.567381
0.40451388888889 139.622276
0.406250000000001 139.662717
0.407986111111112 139.757243
0.409722222222223 139.876799
0.411458333333334 140.037102
0.413194444444445 140.038101
0.414930555555557 140.057743
0.416666666666668 140.064188
0.418402777777779 140.072222
0.42013888888889 140.135787
0.421875000000001 140.288383
0.423611111111112 140.296834
0.425347222222223 140.313783
0.427083333333335 140.422543
0.428819444444446 140.529556
0.430555555555557 140.683394
0.432291666666668 140.770358
0.434027777777779 140.961616
0.43576388888889 141.146147
0.437500000000001 141.193824
0.439236111111113 141.372991
0.440972222222224 141.475762
0.442708333333335 141.539258
0.444444444444446 141.647260
0.446180555555557 141.675107
0.447916666666668 141.681337
0.44965277777778 141.760432
0.451388888888891 141.775657
0.453125000000002 141.830859
0.454861111111113 141.834527
0.456597222222224 141.866396
0.458333333333335 141.986340
0.460069444444446 142.019999
0.461805555555557 142.081645
0.463541666666669 142.149367
0.46527777777778 142.207437
0.467013888888891 142.233170
0.468750000000002 142.248898
0.470486111111113 142.415106
0.472222222222224 142.469557
0.473958333333335 142.475510
0.475694444444447 142.555275
0.477430555555558 142.660548
0.479166666666669 142.756830
0.48090277777778 142.787103
0.482638888888891 142.859468
0.484375000000002 143.109284
0.486111111111113 143.114385
0.487847222222225 143.132371
0.489583333333336 143.182828
0.491319444444447 143.446264
0.493055555555558 143.468870
0.494791666666669 143.499831
0.49652777777778 143.519943
0.498263888888892 143.607648
0.500000000000003 143.609375
0.501736111111114 143.637104
0.503472222222225 143.682663
0.505208333333336 143.702697
0.506944444444447 143.786648
0.508680555555558 143.812616
0.51041666666667 143.833492
0.512152777777781 144.007546
0.513888888888892 144.049865
0.515625000000003 144.063290
0.517361111111114 144.104857
0.519097222222225 144.108721
0.520833333333336 144.187065
0.522569444444448 144.192234
0.524305555555559 144.240023
0.52604166666667 144.343626
0.527777777777781 144.375237
0.529513888888892 144.527335
0.531250000000003 144.546814
0.532986111111114 144.555121
0.534722222222225 144.618140
0.536458333333337 144.656363
0.538194444444448 144.680170
0.539930555555559 144.683166
0.54166666666667 144.781660
0.543402777777781 144.789994
0.545138888888892 144.887930
0.546875000000003 144.895484
0.548611111111115 145.004178
0.550347222222226 145.006581
0.552083333333337 145.205229
0.553819444444448 145.303190
0.555555555555559 145.307003
0.55729166666667 145.425501
0.559027777777781 145.441679
0.560763888888893 145.509790
0.562500000000004 145.669073
0.564236111111115 145.728468
0.565972222222226 145.782701
0.567708333333337 145.982163
0.569444444444448 146.020428
0.571180555555559 146.069794
0.572916666666671 146.093595
0.574652777777782 146.125662
0.576388888888893 146.130010
0.578125000000004 146.169214
0.579861111111115 146.234587
0.581597222222226 146.300576
0.583333333333337 146.306104
0.585069444444449 146.434101
0.58680555555556 146.581480
0.588541666666671 146.640771
0.590277777777782 146.665415
0.592013888888893 146.677194
0.593750000000004 146.726285
0.595486111111115 146.856877
0.597222222222227 147.008134
0.598958333333338 147.023947
0.600694444444449 147.045887
0.60243055555556 147.051304
0.604166666666671 147.086495
0.605902777777782 147.087527
0.607638888888894 147.104137
0.609375000000005 147.117806
0.611111111111116 147.159702
0.612847222222227 147.206279
0.614583333333338 147.288455
0.616319444444449 147.361711
0.61805555555556 147.398755
0.619791666666672 147.422636
0.621527777777783 147.438214
0.623263888888894 147.561070
0.625000000000005 147.574754
0.626736111111116 147.695346
0.628472222222227 147.760558
0.630208333333338 148.081960
0.63194444444445 148.109600
0.633680555555561 148.121735
0.635416666666672 148.338862
0.637152777777783 148.384410
0.638888888888894 148.428635
0.640625000000005 148.483202
0.642361111111116 148.579836
0.644097222222227 148.596971
0.645833333333339 148.704861
0.64756944444445 148.707913
0.649305555555561 148.807176
0.651041666666672 148.864964
0.652777777777783 148.922971
0.654513888888894 148.963289
0.656250000000005 149.030101
0.657986111111116 149.031458
0.659722222222228 149.056227
0.661458333333339 149.066421
0.66319444444445 149.080770
0.664930555555561 149.136252
0.666666666666672 149.139290
0.668402777777783 149.176348
0.670138888888895 149.200454
0.671875000000006 149.330663
0.673611111111117 149.499384
0.675347222222228 149.581194
0.677083333333339 149.635207
0.67881944444445 149.765686
0.680555555555561 149.831330
0.682291666666673 150.060186
0.684027777777784 150.178256
0.685763888888895 150.237933
0.687500000000006 150.337076
0.689236111111117 150.645419
0.690972222222228 150.786723
0.692708333333339 150.828798
0.694444444444451 150.885005
0.696180555555562 150.954260
0.697916666666673 151.119905
0.699652777777784 151.223516
0.701388888888895 151.275176
0.703125000000006 151.354279
0.704861111111117 151.448370
0.706597222222229 151.541348
0.70833333333334 151.547220
0.710069444444451 151.619709
0.711805555555562 151.623146
0.713541666666673 151.677960
0.715277777777784 151.688224
0.717013888888895 151.702196
0.718750000000007 151.782514
0.720486111111118 151.858388
0.722222222222229 151.935042
0.72395833333334 151.950599
0.725694444444451 151.979971
0.727430555555562 151.989918
0.729166666666673 152.017072
0.730902777777785 152.065373
0.732638888888896 152.111310
0.734375000000007 152.300345
0.736111111111118 152.601315
0.737847222222229 152.639270
0.73958333333334 152.674111
0.741319444444451 152.876425
0.743055555555563 152.918406
0.744791666666674 153.002868
0.746527777777785 153.173535
0.748263888888896 153.310022
0.750000000000007 153.348636
0.751736111111118 153.463351
0.753472222222229 153.466270
0.755208333333341 153.528006
0.756944444444452 153.580514
0.758680555555563 153.857588
0.760416666666674 153.939043
0.762152777777785 153.984316
0.763888888888896 154.123967
0.765625000000007 154.154694
0.767361111111118 154.276601
0.76909722222223 154.338642
0.770833333333341 154.400994
0.772569444444452 154.416460
0.774305555555563 154.435959
0.776041666666674 154.501700
0.777777777777785 154.794470
0.779513888888897 154.874103
0.781250000000008 154.919994
0.782986111111119 154.923591
0.78472222222223 154.969580
0.786458333333341 155.200968
0.788194444444452 155.221397
0.789930555555563 155.382914
0.791666666666675 155.414475
0.793402777777786 155.544900
0.795138888888897 155.594357
0.796875000000008 156.198913
0.798611111111119 156.316611
0.80034722222223 156.351701
0.802083333333341 156.458508
0.803819444444453 156.637335
0.805555555555564 156.679377
0.807291666666675 156.865282
0.809027777777786 156.972864
0.810763888888897 157.367371
0.812500000000008 157.402803
0.814236111111119 157.581839
0.815972222222231 157.956663
0.817708333333342 158.153804
0.819444444444453 158.321082
0.821180555555564 158.366215
0.822916666666675 158.381861
0.824652777777786 158.875865
0.826388888888897 159.398369
0.828125000000009 159.499277
0.82986111111112 159.530178
0.831597222222231 160.366072
0.833333333333342 160.590899
0.835069444444453 160.600349
0.836805555555564 160.701474
0.838541666666675 160.827414
0.840277777777787 160.890972
0.842013888888898 160.967750
0.843750000000009 161.457039
0.84548611111112 161.702204
0.847222222222231 162.229588
0.848958333333342 162.262981
0.850694444444453 162.857380
0.852430555555565 163.468887
0.854166666666676 163.482764
0.855902777777787 163.973896
0.857638888888898 164.079883
0.859375000000009 164.114341
0.86111111111112 164.686757
0.862847222222231 164.776535
0.864583333333342 164.895259
0.866319444444454 165.091349
0.868055555555565 165.191533
0.869791666666676 165.610407
0.871527777777787 166.053143
0.873263888888898 166.089004
0.875000000000009 166.728793
0.87673611111112 166.992579
0.878472222222232 167.252315
0.880208333333343 167.290386
0.881944444444454 167.493126
0.883680555555565 167.515700
0.885416666666676 167.754289
0.887152777777787 168.064886
0.888888888888898 168.342613
0.89062500000001 168.749631
0.892361111111121 169.271713
0.894097222222232 169.322216
0.895833333333343 169.616884
0.897569444444454 170.133477
0.899305555555565 170.296822
0.901041666666677 170.369319
0.902777777777788 170.412923
0.904513888888899 171.682307
0.90625000000001 172.894031
0.907986111111121 173.649620
0.909722222222232 174.152681
0.911458333333343 174.278165
0.913194444444455 174.366419
0.914930555555566 174.392503
0.916666666666677 175.195713
0.918402777777788 175.302176
0.920138888888899 175.923836
0.92187500000001 177.336189
0.923611111111121 177.483560
0.925347222222233 177.612781
0.927083333333344 178.236324
0.928819444444455 179.965461
0.930555555555566 180.884702
0.932291666666677 181.518879
0.934027777777788 181.613363
0.935763888888899 182.082491
0.937500000000011 182.549268
0.939236111111122 182.718397
0.940972222222233 183.123477
0.942708333333344 184.561834
0.944444444444455 185.523891
0.946180555555566 187.232087
0.947916666666677 187.391161
0.949652777777789 188.301434
0.9513888888889 189.683275
0.953125000000011 193.111342
0.954861111111122 194.141332
0.956597222222233 194.811865
0.958333333333344 194.871857
0.960069444444455 195.578988
0.961805555555566 196.092151
0.963541666666678 199.031124
0.965277777777789 200.183655
0.9670138888889 202.557441
0.968750000000011 203.260001
0.970486111111122 209.485870
0.972222222222233 212.329133
0.973958333333344 214.869165
0.975694444444456 215.618298
0.977430555555567 216.089214
0.979166666666678 216.187494
0.980902777777789 217.515766
0.9826388888889 224.607406
0.984375000000011 245.425302
0.986111111111122 251.132094
0.987847222222234 301.320633
0.989583333333345 347.185625
0.991319444444456 365.153703
0.993055555555567 367.046483
0.994791666666678 410.934267
0.996527777777789 416.728286
0.9982638888889 448.737018
