==== Block Download Stats ========
nodeID           Mean   
            Latency(sec)  NbrRetirmean
------          ----      ----
200             0.5       0.4
201             0.7       0.2
202             1.3       0.5
203             1.3       0.6
204             1.6       0.8
205             1.3       0.6
206             0.7       0.3
207             0.7       0.2
208             1         0.3
209             1.2       0.5
210             1.6       0.6
212             0.7       0.2
213             1.9       0.9
214             2.5       1.1
250             0.8       0.5
251             1.7       0.5
==================================
