no CDF_percentage lqi_sorted lqi time_sorted
1 0.07% 42 107 0
2 0.15% 46 107 0
3 0.22% 56 108 1
4 0.29% 57 107 2
5 0.37% 66 108 2
6 0.44% 68 106 3
7 0.52% 73 107 3
8 0.59% 79 107 4
9 0.66% 80 106 5
10 0.74% 102 106 5
11 0.81% 103 105 6
12 0.88% 103 107 6
13 0.96% 103 108 7
14 1.03% 103 106 8
15 1.11% 103 104 9
16 1.18% 103 105 10
17 1.25% 103 106 10
18 1.33% 103 106 11
19 1.40% 103 107 11
20 1.47% 103 107 12
21 1.55% 104 108 13
22 1.62% 104 107 14
23 1.70% 104 107 14
24 1.77% 104 107 16
25 1.84% 104 108 16
26 1.92% 104 106 17
27 1.99% 104 106 17
28 2.06% 104 106 18
29 2.14% 104 108 18
30 2.21% 104 107 20
31 2.29% 104 108 20
32 2.36% 104 107 21
33 2.43% 104 108 22
34 2.51% 104 107 23
35 2.58% 104 107 23
36 2.65% 104 107 24
37 2.73% 104 108 24
38 2.80% 104 108 25
39 2.88% 104 108 26
40 2.95% 104 107 27
41 3.02% 104 108 27
42 3.10% 104 107 29
43 3.17% 104 106 30
44 3.24% 104 107 30
45 3.32% 104 107 31
46 3.39% 104 108 32
47 3.47% 104 106 33
48 3.54% 105 108 33
49 3.61% 105 106 34
50 3.69% 105 106 35
51 3.76% 105 108 35
52 3.83% 105 107 36
53 3.91% 105 108 36
54 3.98% 105 107 37
55 4.06% 105 108 37
56 4.13% 105 106 38
57 4.20% 105 104 39
58 4.28% 105 107 39
59 4.35% 105 106 40
60 4.42% 105 107 40
61 4.50% 105 106 41
62 4.57% 105 108 41
63 4.65% 105 106 42
64 4.72% 105 107 42
65 4.79% 105 105 44
66 4.87% 105 108 44
67 4.94% 105 105 45
68 5.01% 105 108 45
69 5.09% 105 106 46
70 5.16% 105 107 47
71 5.24% 105 106 48
72 5.31% 105 108 48
73 5.38% 105 108 49
74 5.46% 105 108 49
75 5.53% 105 107 50
76 5.60% 105 107 50
77 5.68% 105 107 51
78 5.75% 105 108 51
79 5.83% 105 106 52
80 5.90% 105 106 52
81 5.97% 105 108 53
82 6.05% 105 108 53
83 6.12% 105 105 54
84 6.19% 105 108 54
85 6.27% 105 107 55
86 6.34% 105 106 56
87 6.42% 105 108 56
88 6.49% 105 106 57
89 6.56% 105 107 59
90 6.64% 105 106 60
91 6.71% 105 105 61
92 6.78% 105 108 61
93 6.86% 105 107 63
94 6.93% 105 108 63
95 7.01% 105 106 64
96 7.08% 105 107 64
97 7.15% 105 108 64
98 7.23% 105 106 65
99 7.30% 105 107 66
100 7.37% 105 107 66
101 7.45% 105 108 67
102 7.52% 105 106 68
103 7.60% 105 106 69
104 7.67% 105 106 70
105 7.74% 105 107 70
106 7.82% 105 106 71
107 7.89% 105 108 71
108 7.96% 105 106 73
109 8.04% 105 108 73
110 8.11% 105 107 74
111 8.19% 105 107 74
112 8.26% 105 104 75
113 8.33% 105 108 75
114 8.41% 105 106 76
115 8.48% 105 108 76
116 8.55% 105 105 77
117 8.63% 105 106 78
118 8.70% 105 107 79
119 8.78% 105 107 79
120 8.85% 105 108 80
121 8.92% 105 104 82
122 9.00% 105 108 82
123 9.07% 105 106 83
124 9.14% 105 105 84
125 9.22% 105 107 84
126 9.29% 105 107 85
127 9.37% 105 108 85
128 9.44% 105 105 87
129 9.51% 105 106 88
130 9.59% 105 106 88
131 9.66% 105 108 89
132 9.73% 105 107 90
133 9.81% 105 107 90
134 9.88% 105 107 91
135 9.96% 105 107 92
136 10.03% 105 108 92
137 10.10% 105 107 93
138 10.18% 105 106 95
139 10.25% 105 106 97
140 10.32% 105 107 97
141 10.40% 105 106 98
142 10.47% 105 107 98
143 10.55% 105 106 99
144 10.62% 105 108 100
145 10.69% 105 107 102
146 10.77% 105 107 103
147 10.84% 105 107 103
148 10.91% 105 105 104
149 10.99% 105 104 105
150 11.06% 105 106 105
151 11.14% 105 106 106
152 11.21% 105 107 106
153 11.28% 105 107 106
154 11.36% 105 107 107
155 11.43% 105 106 108
156 11.50% 106 107 108
157 11.58% 106 106 109
158 11.65% 106 108 109
159 11.73% 106 108 110
160 11.80% 106 108 110
161 11.87% 106 107 111
162 11.95% 106 108 113
163 12.02% 106 107 114
164 12.09% 106 108 114
165 12.17% 106 106 115
166 12.24% 106 108 115
167 12.32% 106 108 117
168 12.39% 106 106 118
169 12.46% 106 108 118
170 12.54% 106 106 119
171 12.61% 106 107 119
172 12.68% 106 107 120
173 12.76% 106 108 120
174 12.83% 106 106 121
175 12.91% 106 106 122
176 12.98% 106 105 123
177 13.05% 106 107 123
178 13.13% 106 106 124
179 13.20% 106 108 124
180 13.27% 106 107 125
181 13.35% 106 107 125
182 13.42% 106 108 126
183 13.50% 106 108 126
184 13.57% 106 107 127
185 13.64% 106 108 127
186 13.72% 106 107 128
187 13.79% 106 107 130
188 13.86% 106 106 131
189 13.94% 106 108 132
190 14.01% 106 105 133
191 14.09% 106 108 134
192 14.16% 106 108 135
193 14.23% 106 103 136
194 14.31% 106 108 136
195 14.38% 106 108 137
196 14.45% 106 107 138
197 14.53% 106 107 138
198 14.60% 106 107 139
199 14.68% 106 108 139
200 14.75% 106 106 140
201 14.82% 106 105 141
202 14.90% 106 108 142
203 14.97% 106 107 143
204 15.04% 106 105 144
205 15.12% 106 107 145
206 15.19% 106 107 145
207 15.27% 106 106 146
208 15.34% 106 108 146
209 15.41% 106 107 147
210 15.49% 106 104 148
211 15.56% 106 107 148
212 15.63% 106 107 149
213 15.71% 106 108 149
214 15.78% 106 108 149
215 15.86% 106 106 150
216 15.93% 106 107 150
217 16.00% 106 106 151
218 16.08% 106 105 152
219 16.15% 106 108 152
220 16.22% 106 106 153
221 16.30% 106 108 153
222 16.37% 106 106 154
223 16.45% 106 108 155
224 16.52% 106 108 156
225 16.59% 106 106 157
226 16.67% 106 107 157
227 16.74% 106 107 158
228 16.81% 106 106 159
229 16.89% 106 107 160
230 16.96% 106 107 162
231 17.04% 106 105 163
232 17.11% 106 106 163
233 17.18% 106 106 165
234 17.26% 106 107 167
235 17.33% 106 108 167
236 17.40% 106 108 169
237 17.48% 106 107 170
238 17.55% 106 107 170
239 17.63% 106 107 171
240 17.70% 106 107 172
241 17.77% 106 106 173
242 17.85% 106 106 175
243 17.92% 106 108 176
244 17.99% 106 106 177
245 18.07% 106 106 177
246 18.14% 106 106 178
247 18.22% 106 107 178
248 18.29% 106 108 179
249 18.36% 106 107 180
250 18.44% 106 106 182
251 18.51% 106 108 182
252 18.58% 106 106 183
253 18.66% 106 108 183
254 18.73% 106 106 184
255 18.81% 106 108 184
256 18.88% 106 106 185
257 18.95% 106 106 185
258 19.03% 106 106 186
259 19.10% 106 106 186
260 19.17% 106 106 188
261 19.25% 106 107 189
262 19.32% 106 107 190
263 19.40% 106 107 190
264 19.47% 106 108 190
265 19.54% 106 104 191
266 19.62% 106 108 191
267 19.69% 106 106 192
268 19.76% 106 107 192
269 19.84% 106 106 193
270 19.91% 106 107 193
271 19.99% 106 66 194
272 20.06% 106 107 195
273 20.13% 106 108 195
274 20.21% 106 108 196
275 20.28% 106 107 197
276 20.35% 106 105 198
277 20.43% 106 106 198
278 20.50% 106 105 199
279 20.58% 106 106 199
280 20.65% 106 108 200
281 20.72% 106 108 201
282 20.80% 106 107 202
283 20.87% 106 107 203
284 20.94% 106 107 203
285 21.02% 106 105 204
286 21.09% 106 107 204
287 21.17% 106 108 205
288 21.24% 106 107 206
289 21.31% 106 107 206
290 21.39% 106 107 207
291 21.46% 106 105 208
292 21.53% 106 105 209
293 21.61% 106 107 209
294 21.68% 106 105 210
295 21.76% 106 107 211
296 21.83% 106 108 211
297 21.90% 106 107 212
298 21.98% 106 107 213
299 22.05% 106 107 214
300 22.12% 106 106 215
301 22.20% 106 107 215
302 22.27% 106 107 216
303 22.35% 106 107 217
304 22.42% 106 108 218
305 22.49% 106 108 218
306 22.57% 106 105 219
307 22.64% 106 106 219
308 22.71% 106 107 220
309 22.79% 106 108 220
310 22.86% 106 73 221
311 22.94% 106 107 222
312 23.01% 106 107 222
313 23.08% 106 106 223
314 23.16% 106 108 224
315 23.23% 106 108 224
316 23.30% 106 103 225
317 23.38% 106 108 225
318 23.45% 106 106 226
319 23.53% 106 106 227
320 23.60% 106 108 227
321 23.67% 106 107 228
322 23.75% 106 108 229
323 23.82% 106 106 230
324 23.89% 106 107 231
325 23.97% 106 108 231
326 24.04% 106 107 232
327 24.12% 106 102 234
328 24.19% 106 108 234
329 24.26% 106 106 235
330 24.34% 106 108 236
331 24.41% 106 107 237
332 24.48% 106 56 238
333 24.56% 106 107 239
334 24.63% 106 108 239
335 24.71% 106 106 240
336 24.78% 106 107 241
337 24.85% 106 108 241
338 24.93% 106 107 243
339 25.00% 106 106 244
340 25.07% 106 107 244
341 25.15% 106 108 245
342 25.22% 106 106 246
343 25.29% 106 107 246
344 25.37% 106 108 248
345 25.44% 106 103 249
346 25.52% 106 108 250
347 25.59% 106 106 252
348 25.66% 106 108 252
349 25.74% 106 106 253
350 25.81% 106 106 254
351 25.88% 106 106 254
352 25.96% 106 106 255
353 26.03% 106 106 256
354 26.11% 106 106 256
355 26.18% 106 105 257
356 26.25% 106 106 257
357 26.33% 106 105 259
358 26.40% 106 107 259
359 26.47% 106 107 260
360 26.55% 106 107 260
361 26.62% 106 108 261
362 26.70% 106 106 262
363 26.77% 106 106 262
364 26.84% 106 107 263
365 26.92% 106 106 264
366 26.99% 106 107 266
367 27.06% 106 108 266
368 27.14% 106 108 267
369 27.21% 106 106 268
370 27.29% 106 107 268
371 27.36% 106 106 269
372 27.43% 106 108 269
373 27.51% 106 106 270
374 27.58% 106 108 270
375 27.65% 106 106 273
376 27.73% 106 107 273
377 27.80% 106 108 273
378 27.88% 106 107 274
379 27.95% 106 107 274
380 28.02% 106 106 275
381 28.10% 106 106 275
382 28.17% 106 106 276
383 28.24% 106 106 277
384 28.32% 106 108 279
385 28.39% 106 108 279
386 28.47% 106 106 280
387 28.54% 106 104 282
388 28.61% 106 106 283
389 28.69% 106 108 283
390 28.76% 106 105 284
391 28.83% 106 106 284
392 28.91% 106 108 285
393 28.98% 106 105 286
394 29.06% 106 107 286
395 29.13% 106 107 288
396 29.20% 106 108 288
397 29.28% 106 105 289
398 29.35% 106 107 289
399 29.42% 106 106 290
400 29.50% 106 107 290
401 29.57% 106 106 291
402 29.65% 106 108 291
403 29.72% 106 108 292
404 29.79% 106 106 293
405 29.87% 106 107 295
406 29.94% 106 108 295
407 30.01% 106 106 296
408 30.09% 106 108 296
409 30.16% 106 105 297
410 30.24% 106 106 297
411 30.31% 106 104 298
412 30.38% 106 104 299
413 30.46% 106 105 299
414 30.53% 106 105 301
415 30.60% 106 108 302
416 30.68% 106 107 303
417 30.75% 106 107 305
418 30.83% 106 108 306
419 30.90% 106 105 308
420 30.97% 106 106 310
421 31.05% 106 107 312
422 31.12% 106 108 312
423 31.19% 106 106 313
424 31.27% 106 107 313
425 31.34% 106 107 314
426 31.42% 106 108 314
427 31.49% 106 105 315
428 31.56% 106 105 315
429 31.64% 106 108 315
430 31.71% 106 106 316
431 31.78% 106 106 317
432 31.86% 106 108 317
433 31.93% 106 107 318
434 32.01% 106 107 319
435 32.08% 106 107 319
436 32.15% 106 106 320
437 32.23% 106 107 320
438 32.30% 106 106 321
439 32.37% 106 108 321
440 32.45% 106 108 322
441 32.52% 106 108 322
442 32.60% 106 107 323
443 32.67% 106 107 324
444 32.74% 106 107 325
445 32.82% 106 107 325
446 32.89% 106 106 326
447 32.96% 106 107 327
448 33.04% 106 105 328
449 33.11% 106 107 328
450 33.19% 106 106 329
451 33.26% 106 107 329
452 33.33% 106 106 330
453 33.41% 106 108 330
454 33.48% 106 108 331
455 33.55% 106 107 332
456 33.63% 106 107 332
457 33.70% 106 106 333
458 33.78% 106 107 333
459 33.85% 106 105 334
460 33.92% 106 105 335
461 34.00% 106 106 335
462 34.07% 106 108 336
463 34.14% 106 108 337
464 34.22% 106 106 338
465 34.29% 106 108 338
466 34.37% 106 106 339
467 34.44% 106 105 340
468 34.51% 106 108 340
469 34.59% 106 105 342
470 34.66% 106 108 343
471 34.73% 106 106 344
472 34.81% 106 107 344
473 34.88% 106 107 345
474 34.96% 106 108 345
475 35.03% 106 106 346
476 35.10% 106 107 346
477 35.18% 106 107 347
478 35.25% 106 107 348
479 35.32% 106 106 349
480 35.40% 106 107 349
481 35.47% 106 107 351
482 35.55% 106 106 352
483 35.62% 106 106 353
484 35.69% 106 106 355
485 35.77% 106 108 357
486 35.84% 106 108 357
487 35.91% 106 106 358
488 35.99% 106 106 358
489 36.06% 106 107 359
490 36.14% 106 108 359
491 36.21% 106 107 360
492 36.28% 106 107 361
493 36.36% 106 108 362
494 36.43% 106 105 363
495 36.50% 106 108 363
496 36.58% 106 107 364
497 36.65% 106 107 365
498 36.73% 106 107 365
499 36.80% 106 107 366
500 36.87% 106 107 367
501 36.95% 106 106 368
502 37.02% 106 106 368
503 37.09% 106 107 369
504 37.17% 106 107 371
505 37.24% 106 107 372
506 37.32% 106 106 373
507 37.39% 106 108 373
508 37.46% 106 104 374
509 37.54% 106 107 374
510 37.61% 106 107 375
511 37.68% 106 108 376
512 37.76% 106 108 376
513 37.83% 106 108 377
514 37.91% 107 106 378
515 37.98% 107 108 378
516 38.05% 107 107 379
517 38.13% 107 106 380
518 38.20% 107 108 380
519 38.27% 107 107 381
520 38.35% 107 108 382
521 38.42% 107 107 383
522 38.50% 107 107 384
523 38.57% 107 107 385
524 38.64% 107 106 386
525 38.72% 107 107 387
526 38.79% 107 107 387
527 38.86% 107 106 388
528 38.94% 107 107 388
529 39.01% 107 105 389
530 39.09% 107 107 389
531 39.16% 107 105 390
532 39.23% 107 106 390
533 39.31% 107 106 391
534 39.38% 107 106 391
535 39.45% 107 107 392
536 39.53% 107 107 392
537 39.60% 107 106 393
538 39.68% 107 107 393
539 39.75% 107 107 394
540 39.82% 107 108 395
541 39.90% 107 108 396
542 39.97% 107 107 397
543 40.04% 107 106 398
544 40.12% 107 108 398
545 40.19% 107 103 399
546 40.27% 107 106 400
547 40.34% 107 107 400
548 40.41% 107 107 401
549 40.49% 107 107 401
550 40.56% 107 106 402
551 40.63% 107 107 403
552 40.71% 107 108 404
553 40.78% 107 107 405
554 40.86% 107 107 406
555 40.93% 107 108 406
556 41.00% 107 108 407
557 41.08% 107 106 408
558 41.15% 107 107 408
559 41.22% 107 107 409
560 41.30% 107 107 410
561 41.37% 107 108 410
562 41.45% 107 79 411
563 41.52% 107 108 411
564 41.59% 107 106 412
565 41.67% 107 108 412
566 41.74% 107 107 413
567 41.81% 107 107 414
568 41.89% 107 108 414
569 41.96% 107 107 415
570 42.04% 107 108 415
571 42.11% 107 107 416
572 42.18% 107 108 416
573 42.26% 107 107 417
574 42.33% 107 105 418
575 42.40% 107 106 418
576 42.48% 107 106 419
577 42.55% 107 108 420
578 42.63% 107 108 420
579 42.70% 107 107 421
580 42.77% 107 108 421
581 42.85% 107 107 422
582 42.92% 107 108 422
583 42.99% 107 107 423
584 43.07% 107 107 424
585 43.14% 107 108 425
586 43.22% 107 106 426
587 43.29% 107 106 428
588 43.36% 107 107 429
589 43.44% 107 107 430
590 43.51% 107 107 430
591 43.58% 107 105 431
592 43.66% 107 106 432
593 43.73% 107 107 432
594 43.81% 107 107 433
595 43.88% 107 108 433
596 43.95% 107 105 434
597 44.03% 107 108 434
598 44.10% 107 108 435
599 44.17% 107 107 436
600 44.25% 107 108 438
601 44.32% 107 107 439
602 44.40% 107 108 439
603 44.47% 107 108 440
604 44.54% 107 108 441
605 44.62% 107 106 442
606 44.69% 107 108 442
607 44.76% 107 108 443
608 44.84% 107 106 444
609 44.91% 107 107 444
610 44.99% 107 106 445
611 45.06% 107 105 446
612 45.13% 107 107 448
613 45.21% 107 108 448
614 45.28% 107 106 449
615 45.35% 107 108 449
616 45.43% 107 105 450
617 45.50% 107 107 451
618 45.58% 107 108 451
619 45.65% 107 106 452
620 45.72% 107 105 453
621 45.80% 107 107 454
622 45.87% 107 107 454
623 45.94% 107 107 455
624 46.02% 107 107 457
625 46.09% 107 103 458
626 46.17% 107 106 458
627 46.24% 107 108 460
628 46.31% 107 108 461
629 46.39% 107 106 462
630 46.46% 107 107 462
631 46.53% 107 108 463
632 46.61% 107 107 464
633 46.68% 107 106 465
634 46.76% 107 107 466
635 46.83% 107 108 466
636 46.90% 107 107 467
637 46.98% 107 108 469
638 47.05% 107 107 470
639 47.12% 107 106 471
640 47.20% 107 106 472
641 47.27% 107 107 472
642 47.35% 107 105 473
643 47.42% 107 107 473
644 47.49% 107 108 474
645 47.57% 107 107 475
646 47.64% 107 106 476
647 47.71% 107 105 477
648 47.79% 107 107 478
649 47.86% 107 108 478
650 47.94% 107 107 479
651 48.01% 107 105 480
652 48.08% 107 107 480
653 48.16% 107 106 481
654 48.23% 107 106 482
655 48.30% 107 108 482
656 48.38% 107 107 483
657 48.45% 107 108 483
658 48.53% 107 106 484
659 48.60% 107 108 485
660 48.67% 107 107 486
661 48.75% 107 108 487
662 48.82% 107 107 488
663 48.89% 107 107 489
664 48.97% 107 106 490
665 49.04% 107 107 490
666 49.12% 107 106 492
667 49.19% 107 108 493
668 49.26% 107 105 494
669 49.34% 107 107 494
670 49.41% 107 108 495
671 49.48% 107 108 496
672 49.56% 107 106 498
673 49.63% 107 107 498
674 49.71% 107 108 499
675 49.78% 107 105 500
676 49.85% 107 107 501
677 49.93% 107 106 503
678 50.00% 107 107 503
679 50.07% 107 106 505
680 50.15% 107 108 505
681 50.22% 107 107 506
682 50.29% 107 108 506
683 50.37% 107 105 507
684 50.44% 107 106 507
685 50.52% 107 108 508
686 50.59% 107 104 509
687 50.66% 107 107 509
688 50.74% 107 107 510
689 50.81% 107 108 510
690 50.88% 107 106 511
691 50.96% 107 107 512
692 51.03% 107 108 512
693 51.11% 107 107 513
694 51.18% 107 107 514
695 51.25% 107 108 514
696 51.33% 107 107 515
697 51.40% 107 108 515
698 51.47% 107 108 516
699 51.55% 107 106 517
700 51.62% 107 107 517
701 51.70% 107 107 518
702 51.77% 107 106 519
703 51.84% 107 108 519
704 51.92% 107 106 520
705 51.99% 107 106 521
706 52.06% 107 108 521
707 52.14% 107 107 522
708 52.21% 107 107 523
709 52.29% 107 107 523
710 52.36% 107 105 524
711 52.43% 107 107 524
712 52.51% 107 107 524
713 52.58% 107 103 525
714 52.65% 107 107 525
715 52.73% 107 105 526
716 52.80% 107 106 528
717 52.88% 107 107 528
718 52.95% 107 107 529
719 53.02% 107 106 530
720 53.10% 107 108 531
721 53.17% 107 108 532
722 53.24% 107 104 533
723 53.32% 107 108 533
724 53.39% 107 107 534
725 53.47% 107 107 534
726 53.54% 107 104 535
727 53.61% 107 106 536
728 53.69% 107 105 537
729 53.76% 107 108 538
730 53.83% 107 108 538
731 53.91% 107 106 539
732 53.98% 107 107 540
733 54.06% 107 108 540
734 54.13% 107 108 541
735 54.20% 107 106 542
736 54.28% 107 107 542
737 54.35% 107 108 543
738 54.42% 107 107 544
739 54.50% 107 106 545
740 54.57% 107 108 545
741 54.65% 107 106 546
742 54.72% 107 107 549
743 54.79% 107 107 549
744 54.87% 107 106 550
745 54.94% 107 107 550
746 55.01% 107 106 551
747 55.09% 107 107 552
748 55.16% 107 107 553
749 55.24% 107 106 554
750 55.31% 107 107 554
751 55.38% 107 105 555
752 55.46% 107 107 555
753 55.53% 107 106 556
754 55.60% 107 107 556
755 55.68% 107 104 559
756 55.75% 107 108 560
757 55.83% 107 104 561
758 55.90% 107 106 561
759 55.97% 107 108 562
760 56.05% 107 108 563
761 56.12% 107 108 563
762 56.19% 107 106 564
763 56.27% 107 106 565
764 56.34% 107 106 566
765 56.42% 107 107 566
766 56.49% 107 106 567
767 56.56% 107 107 568
768 56.64% 107 106 569
769 56.71% 107 106 569
770 56.78% 107 107 571
771 56.86% 107 107 571
772 56.93% 107 106 572
773 57.01% 107 105 573
774 57.08% 107 108 573
775 57.15% 107 108 575
776 57.23% 107 106 576
777 57.30% 107 107 576
778 57.37% 107 107 577
779 57.45% 107 108 577
780 57.52% 107 105 578
781 57.60% 107 106 579
782 57.67% 107 107 580
783 57.74% 107 108 580
784 57.82% 107 106 581
785 57.89% 107 108 582
786 57.96% 107 106 583
787 58.04% 107 106 583
788 58.11% 107 106 584
789 58.19% 107 107 585
790 58.26% 107 107 586
791 58.33% 107 108 586
792 58.41% 107 107 587
793 58.48% 107 108 587
794 58.55% 107 107 588
795 58.63% 107 105 589
796 58.70% 107 106 589
797 58.78% 107 107 591
798 58.85% 107 108 592
799 58.92% 107 108 592
800 59.00% 107 106 593
801 59.07% 107 107 593
802 59.14% 107 105 594
803 59.22% 107 106 594
804 59.29% 107 108 595
805 59.37% 107 108 596
806 59.44% 107 105 597
807 59.51% 107 106 597
808 59.59% 107 108 598
809 59.66% 107 104 599
810 59.73% 107 107 600
811 59.81% 107 105 601
812 59.88% 107 108 601
813 59.96% 107 107 602
814 60.03% 107 107 603
815 60.10% 107 108 603
816 60.18% 107 106 604
817 60.25% 107 108 604
818 60.32% 107 106 605
819 60.40% 107 107 605
820 60.47% 107 106 606
821 60.55% 107 107 606
822 60.62% 107 107 607
823 60.69% 107 107 607
824 60.77% 107 106 608
825 60.84% 107 108 608
826 60.91% 107 106 609
827 60.99% 107 107 609
828 61.06% 107 106 611
829 61.14% 107 107 611
830 61.21% 107 106 612
831 61.28% 107 106 612
832 61.36% 107 107 613
833 61.43% 107 108 613
834 61.50% 107 106 614
835 61.58% 107 106 614
836 61.65% 107 105 615
837 61.73% 107 107 616
838 61.80% 107 108 617
839 61.87% 107 108 617
840 61.95% 107 105 618
841 62.02% 107 107 618
842 62.09% 107 108 619
843 62.17% 107 107 620
844 62.24% 107 108 620
845 62.32% 107 107 621
846 62.39% 107 107 621
847 62.46% 107 106 622
848 62.54% 107 105 625
849 62.61% 107 105 626
850 62.68% 107 105 627
851 62.76% 107 108 627
852 62.83% 107 107 628
853 62.91% 107 105 629
854 62.98% 107 106 630
855 63.05% 107 107 630
856 63.13% 107 106 631
857 63.20% 107 106 632
858 63.27% 107 105 633
859 63.35% 107 108 633
860 63.42% 107 106 634
861 63.50% 107 107 634
862 63.57% 107 106 635
863 63.64% 107 107 635
864 63.72% 107 107 637
865 63.79% 107 80 638
866 63.86% 107 108 638
867 63.94% 107 108 639
868 64.01% 107 108 639
869 64.09% 107 107 640
870 64.16% 107 108 640
871 64.23% 107 107 641
872 64.31% 107 107 642
873 64.38% 107 108 642
874 64.45% 107 68 643
875 64.53% 107 106 643
876 64.60% 107 106 645
877 64.68% 107 107 646
878 64.75% 107 107 647
879 64.82% 107 107 648
880 64.90% 107 105 649
881 64.97% 107 108 649
882 65.04% 107 107 650
883 65.12% 107 108 650
884 65.19% 107 106 651
885 65.27% 107 108 651
886 65.34% 107 106 652
887 65.41% 107 108 652
888 65.49% 107 107 653
889 65.56% 107 106 654
890 65.63% 107 108 654
891 65.71% 107 108 655
892 65.78% 107 108 657
893 65.86% 107 105 658
894 65.93% 107 105 658
895 66.00% 107 108 659
896 66.08% 107 108 659
897 66.15% 107 104 660
898 66.22% 107 108 660
899 66.30% 107 105 661
900 66.37% 107 106 661
901 66.45% 107 106 662
902 66.52% 107 106 663
903 66.59% 107 107 664
904 66.67% 107 108 664
905 66.74% 107 108 665
906 66.81% 107 107 666
907 66.89% 107 108 666
908 66.96% 107 108 667
909 67.04% 107 107 668
910 67.11% 107 107 669
911 67.18% 107 108 669
912 67.26% 107 108 669
913 67.33% 107 107 670
914 67.40% 107 106 671
915 67.48% 107 108 671
916 67.55% 107 107 672
917 67.63% 107 107 673
918 67.70% 107 106 674
919 67.77% 107 108 674
920 67.85% 107 106 675
921 67.92% 107 108 675
922 67.99% 107 106 676
923 68.07% 107 106 677
924 68.14% 107 107 677
925 68.22% 107 106 678
926 68.29% 107 107 678
927 68.36% 107 105 679
928 68.44% 107 107 680
929 68.51% 107 107 680
930 68.58% 107 106 681
931 68.66% 107 107 682
932 68.73% 107 108 682
933 68.81% 107 106 683
934 68.88% 107 106 685
935 68.95% 107 107 686
936 69.03% 107 106 687
937 69.10% 107 108 687
938 69.17% 107 107 688
939 69.25% 107 107 688
940 69.32% 107 105 689
941 69.40% 107 107 691
942 69.47% 107 108 691
943 69.54% 107 106 692
944 69.62% 107 106 692
945 69.69% 107 106 693
946 69.76% 107 108 693
947 69.84% 107 106 694
948 69.91% 107 106 694
949 69.99% 107 106 695
950 70.06% 107 107 695
951 70.13% 107 108 696
952 70.21% 107 107 698
953 70.28% 107 106 699
954 70.35% 107 107 699
955 70.43% 107 107 700
956 70.50% 107 107 700
957 70.58% 107 106 701
958 70.65% 107 107 702
959 70.72% 107 106 703
960 70.80% 107 108 703
961 70.87% 107 106 705
962 70.94% 107 106 705
963 71.02% 107 107 706
964 71.09% 107 107 707
965 71.17% 107 107 707
966 71.24% 107 107 708
967 71.31% 107 108 708
968 71.39% 107 106 709
969 71.46% 107 108 709
970 71.53% 107 107 710
971 71.61% 107 107 711
972 71.68% 107 108 711
973 71.76% 107 106 712
974 71.83% 107 107 713
975 71.90% 107 107 714
976 71.98% 107 104 715
977 72.05% 107 108 716
978 72.12% 107 108 717
979 72.20% 107 108 717
980 72.27% 107 107 719
981 72.35% 107 108 719
982 72.42% 107 108 720
983 72.49% 107 107 721
984 72.57% 107 108 721
985 72.64% 107 107 722
986 72.71% 107 107 722
987 72.79% 107 106 723
988 72.86% 107 108 723
989 72.94% 107 107 725
990 73.01% 107 107 726
991 73.08% 107 107 726
992 73.16% 107 104 727
993 73.23% 107 108 727
994 73.30% 107 42 728
995 73.38% 107 106 729
996 73.45% 107 108 729
997 73.53% 107 107 730
998 73.60% 107 107 731
999 73.67% 107 106 732
1000 73.75% 107 107 732
1001 73.82% 107 107 732
1002 73.89% 107 106 733
1003 73.97% 107 107 733
1004 74.04% 107 105 734
1005 74.12% 107 107 734
1006 74.19% 108 103 735
1007 74.26% 108 106 735
1008 74.34% 108 105 736
1009 74.41% 108 105 736
1010 74.48% 108 103 737
1011 74.56% 108 107 737
1012 74.63% 108 107 738
1013 74.71% 108 105 739
1014 74.78% 108 106 739
1015 74.85% 108 107 740
1016 74.93% 108 106 741
1017 75.00% 108 104 742
1018 75.07% 108 107 743
1019 75.15% 108 107 743
1020 75.22% 108 108 744
1021 75.29% 108 108 744
1022 75.37% 108 106 745
1023 75.44% 108 107 746
1024 75.52% 108 108 746
1025 75.59% 108 106 747
1026 75.66% 108 107 747
1027 75.74% 108 106 748
1028 75.81% 108 107 749
1029 75.88% 108 107 750
1030 75.96% 108 106 751
1031 76.03% 108 108 751
1032 76.11% 108 106 753
1033 76.18% 108 106 753
1034 76.25% 108 108 753
1035 76.33% 108 106 754
1036 76.40% 108 107 755
1037 76.47% 108 105 756
1038 76.55% 108 106 757
1039 76.62% 108 107 758
1040 76.70% 108 106 759
1041 76.77% 108 107 760
1042 76.84% 108 108 761
1043 76.92% 108 107 762
1044 76.99% 108 107 764
1045 77.06% 108 107 764
1046 77.14% 108 107 765
1047 77.21% 108 105 766
1048 77.29% 108 107 766
1049 77.36% 108 106 768
1050 77.43% 108 108 768
1051 77.51% 108 107 770
1052 77.58% 108 105 773
1053 77.65% 108 108 774
1054 77.73% 108 108 774
1055 77.80% 108 106 775
1056 77.88% 108 108 775
1057 77.95% 108 105 777
1058 78.02% 108 107 778
1059 78.10% 108 107 778
1060 78.17% 108 57 779
1061 78.24% 108 106 779
1062 78.32% 108 106 780
1063 78.39% 108 107 781
1064 78.47% 108 106 782
1065 78.54% 108 108 783
1066 78.61% 108 105 784
1067 78.69% 108 107 784
1068 78.76% 108 106 787
1069 78.83% 108 107 789
1070 78.91% 108 107 790
1071 78.98% 108 108 792
1072 79.06% 108 107 794
1073 79.13% 108 106 796
1074 79.20% 108 108 796
1075 79.28% 108 106 798
1076 79.35% 108 107 798
1077 79.42% 108 105 800
1078 79.50% 108 107 801
1079 79.57% 108 107 802
1080 79.65% 108 108 803
1081 79.72% 108 106 804
1082 79.79% 108 106 804
1083 79.87% 108 107 805
1084 79.94% 108 106 807
1085 80.01% 108 108 811
1086 80.09% 108 106 812
1087 80.16% 108 107 812
1088 80.24% 108 106 814
1089 80.31% 108 107 814
1090 80.38% 108 106 815
1091 80.46% 108 106 816
1092 80.53% 108 108 816
1093 80.60% 108 108 817
1094 80.68% 108 107 818
1095 80.75% 108 107 818
1096 80.83% 108 108 819
1097 80.90% 108 108 820
1098 80.97% 108 108 822
1099 81.05% 108 105 823
1100 81.12% 108 106 823
1101 81.19% 108 108 825
1102 81.27% 108 107 826
1103 81.34% 108 105 827
1104 81.42% 108 46 828
1105 81.49% 108 106 830
1106 81.56% 108 106 831
1107 81.64% 108 107 833
1108 81.71% 108 104 837
1109 81.78% 108 106 837
1110 81.86% 108 107 837
1111 81.93% 108 107 838
1112 82.01% 108 106 839
1113 82.08% 108 108 839
1114 82.15% 108 107 840
1115 82.23% 108 107 840
1116 82.30% 108 106 844
1117 82.37% 108 106 845
1118 82.45% 108 105 846
1119 82.52% 108 107 846
1120 82.60% 108 108 847
1121 82.67% 108 106 848
1122 82.74% 108 107 851
1123 82.82% 108 107 855
1124 82.89% 108 106 857
1125 82.96% 108 108 859
1126 83.04% 108 107 862
1127 83.11% 108 104 865
1128 83.19% 108 105 867
1129 83.26% 108 107 867
1130 83.33% 108 107 870
1131 83.41% 108 108 872
1132 83.48% 108 106 874
1133 83.55% 108 107 877
1134 83.63% 108 106 878
1135 83.70% 108 105 879
1136 83.78% 108 107 882
1137 83.85% 108 108 884
1138 83.92% 108 108 884
1139 84.00% 108 107 885
1140 84.07% 108 107 887
1141 84.14% 108 106 888
1142 84.22% 108 107 889
1143 84.29% 108 107 890
1144 84.37% 108 107 890
1145 84.44% 108 107 891
1146 84.51% 108 107 893
1147 84.59% 108 108 893
1148 84.66% 108 107 894
1149 84.73% 108 107 894
1150 84.81% 108 106 895
1151 84.88% 108 108 896
1152 84.96% 108 107 898
1153 85.03% 108 108 898
1154 85.10% 108 105 900
1155 85.18% 108 106 900
1156 85.25% 108 108 901
1157 85.32% 108 107 902
1158 85.40% 108 104 903
1159 85.47% 108 108 903
1160 85.55% 108 105 906
1161 85.62% 108 106 907
1162 85.69% 108 107 909
1163 85.77% 108 108 909
1164 85.84% 108 106 910
1165 85.91% 108 107 914
1166 85.99% 108 107 916
1167 86.06% 108 107 916
1168 86.14% 108 106 917
1169 86.21% 108 106 918
1170 86.28% 108 107 918
1171 86.36% 108 106 919
1172 86.43% 108 106 921
1173 86.50% 108 107 922
1174 86.58% 108 107 923
1175 86.65% 108 108 924
1176 86.73% 108 106 926
1177 86.80% 108 106 929
1178 86.87% 108 107 930
1179 86.95% 108 108 930
1180 87.02% 108 107 931
1181 87.09% 108 107 932
1182 87.17% 108 106 934
1183 87.24% 108 108 934
1184 87.32% 108 107 935
1185 87.39% 108 108 936
1186 87.46% 108 106 938
1187 87.54% 108 108 938
1188 87.61% 108 107 939
1189 87.68% 108 106 941
1190 87.76% 108 103 942
1191 87.83% 108 105 943
1192 87.91% 108 106 947
1193 87.98% 108 108 948
1194 88.05% 108 108 950
1195 88.13% 108 108 951
1196 88.20% 108 108 951
1197 88.27% 108 106 953
1198 88.35% 108 107 954
1199 88.42% 108 107 955
1200 88.50% 108 107 956
1201 88.57% 108 108 957
1202 88.64% 108 108 959
1203 88.72% 108 106 960
1204 88.79% 108 106 961
1205 88.86% 108 107 962
1206 88.94% 108 107 964
1207 89.01% 108 106 966
1208 89.09% 108 105 967
1209 89.16% 108 106 967
1210 89.23% 108 107 968
1211 89.31% 108 107 970
1212 89.38% 108 107 971
1213 89.45% 108 108 972
1214 89.53% 108 106 973
1215 89.60% 108 107 974
1216 89.68% 108 108 975
1217 89.75% 108 107 978
1218 89.82% 108 107 979
1219 89.90% 108 107 980
1220 89.97% 108 103 981
1221 90.04% 108 107 985
1222 90.12% 108 108 987
1223 90.19% 108 107 989
1224 90.27% 108 107 990
1225 90.34% 108 105 991
1226 90.41% 108 106 991
1227 90.49% 108 106 992
1228 90.56% 108 105 993
1229 90.63% 108 105 993
1230 90.71% 108 106 994
1231 90.78% 108 108 994
1232 90.86% 108 107 996
1233 90.93% 108 106 997
1234 91.00% 108 108 998
1235 91.08% 108 106 999
1236 91.15% 108 107 999
1237 91.22% 108 105 1000
1238 91.30% 108 107 1003
1239 91.37% 108 106 1004
1240 91.45% 108 107 1004
1241 91.52% 108 107 1005
1242 91.59% 108 108 1007
1243 91.67% 108 108 1009
1244 91.74% 108 106 1012
1245 91.81% 108 108 1013
1246 91.89% 108 107 1015
1247 91.96% 108 107 1016
1248 92.04% 108 107 1017
1249 92.11% 108 107 1019
1250 92.18% 108 107 1020
1251 92.26% 108 104 1021
1252 92.33% 108 106 1022
1253 92.40% 108 107 1022
1254 92.48% 108 106 1024
1255 92.55% 108 107 1024
1256 92.63% 108 105 1025
1257 92.70% 108 107 1025
1258 92.77% 108 108 1027
1259 92.85% 108 108 1029
1260 92.92% 108 107 1030
1261 92.99% 108 106 1032
1262 93.07% 108 108 1032
1263 93.14% 108 107 1033
1264 93.22% 108 107 1034
1265 93.29% 108 107 1036
1266 93.36% 108 107 1037
1267 93.44% 108 107 1039
1268 93.51% 108 108 1042
1269 93.58% 108 107 1046
1270 93.66% 108 108 1046
1271 93.73% 108 106 1047
1272 93.81% 108 107 1047
1273 93.88% 108 106 1048
1274 93.95% 108 107 1048
1275 94.03% 108 106 1049
1276 94.10% 108 106 1051
1277 94.17% 108 107 1051
1278 94.25% 108 105 1052
1279 94.32% 108 107 1052
1280 94.40% 108 107 1053
1281 94.47% 108 108 1053
1282 94.54% 108 105 1054
1283 94.62% 108 106 1054
1284 94.69% 108 106 1055
1285 94.76% 108 106 1055
1286 94.84% 108 108 1056
1287 94.91% 108 108 1056
1288 94.99% 108 106 1057
1289 95.06% 108 108 1058
1290 95.13% 108 106 1059
1291 95.21% 108 108 1060
1292 95.28% 108 108 1060
1293 95.35% 108 107 1061
1294 95.43% 108 107 1062
1295 95.50% 108 108 1062
1296 95.58% 108 107 1063
1297 95.65% 108 107 1063
1298 95.72% 108 106 1064
1299 95.80% 108 107 1064
1300 95.87% 108 108 1065
1301 95.94% 108 106 1066
1302 96.02% 108 108 1066
1303 96.09% 108 106 1067
1304 96.17% 108 106 1068
1305 96.24% 108 107 1068
1306 96.31% 108 104 1069
1307 96.39% 108 108 1070
1308 96.46% 108 108 1070
1309 96.53% 108 106 1071
1310 96.61% 108 106 1071
1311 96.68% 108 107 1072
1312 96.76% 108 107 1072
1313 96.83% 108 107 1073
1314 96.90% 108 107 1073
1315 96.98% 108 106 1074
1316 97.05% 108 106 1075
1317 97.12% 108 107 1075
1318 97.20% 108 107 1076
1319 97.27% 108 104 1077
1320 97.35% 108 107 1077
1321 97.42% 108 108 1078
1322 97.49% 108 107 1079
1323 97.57% 108 107 1079
1324 97.64% 108 107 1081
1325 97.71% 108 107 1082
1326 97.79% 108 107 1083
1327 97.86% 108 107 1083
1328 97.94% 108 107 1084
1329 98.01% 108 107 1085
1330 98.08% 108 108 1085
1331 98.16% 108 108 1086
1332 98.23% 108 106 1087
1333 98.30% 108 106 1087
1334 98.38% 108 106 1088
1335 98.45% 108 107 1089
1336 98.53% 108 105 1090
1337 98.60% 108 106 1091
1338 98.67% 108 107 1091
1339 98.75% 108 105 1092
1340 98.82% 108 105 1093
1341 98.89% 108 106 1095
1342 98.97% 108 107 1095
1343 99.04% 108 108 1096
1344 99.12% 108 105 1097
1345 99.19% 108 107 1098
1346 99.26% 108 106 1099
1347 99.34% 108 107 1100
1348 99.41% 108 106 1101
1349 99.48% 108 108 1101
1350 99.56% 108 107 1102
1351 99.63% 108 106 1103
1352 99.71% 108 108 1103
1353 99.78% 108 106 1104
1354 99.85% 108 105 1105
1355 99.93% 108 107 1105
1356 100.00% 108 106 1106
