-10 0 ./2005-08-13/fetch/2005-08-13_03.38.08	29	-123	177	326	-327	-475	480	-622	665	-769	829	-918	980
-5 5 ./2005-08-13/fetch/2005-08-13_06.16.46	-45	96	-181	242	-310	405	-435	-563	566	-694	710	-818	845	-928	975
-10 0 ./2005-08-13/fetch/2005-08-13_08.17.51	29	-108	168	-242	307	-371	442	-501	569	-635	698	-774	836	-910	977
-5 5 ./2005-08-13/fetch/2005-08-13_15.24.58	-36	111	-183	258	-332	409	-536	566	-715	738	-873	897	1000
-5 5 ./2005-08-15/fetch/2005-08-15_04.48.27	-43	105	-192	255	-342	406	-503	558	-686	710	-850	865	1000
-7 3 ./2005-08-15/fetch/2005-08-15_07.07.52	46	-104	201	-251	357	-396	507	-538	655	-673	803	-810	953	-953
-5 5 ./2005-08-15/fetch/2005-08-15_09.11.28	-29	117	-183	260	-368	400	-525	536	665	-675	791	-825	922
-5 5 ./2005-08-15/fetch/2005-08-15_16.04.37	48	-94	186	-239	322	-391	455	-547	591	-701	731	-860	872	1000
-5 5 ./2005-08-16/fetch/2005-08-16_04.04.56	-21	130	-172	280	-357	423	-504	562	-642	698	-781	833	-924	970
-10 0 ./2005-08-16/fetch/2005-08-16_09.45.14	15	-138	167	-296	319	-461	469	615	-615	759	-760	-901	903	1000
-5 5 ./2005-08-17/fetch/2005-08-17_05.07.31	-26	130	-168	-309	311	-450	458	-594	601	-740	741	873	-886	976
-5 5 ./2005-08-17/fetch/2005-08-17_14.00.43  -26	125	-176	278	-328	433	-481	587	-631	745	-777	909	-922
-5 5 ./2005-08-17/fetch/2005-08-17_16.48.26	-71	93	-222	295	-372	456	-524	617	-677	770	-827	909	-973
-5 5 ./2005-08-18/fetch/2005-08-18_00.52.31	11	-133	150	-286	288	426	-447	569	-602	725	-756	905	-914	1000
-5 5 ./2005-08-18/fetch/2005-08-18_03.43.05	41	-94	183	-203	326	-334	468	-476	604	-620	734	-764	868	-908	1000
-7 3 ./2005-08-18/fetch/2005-08-18_04.54.30	23	-125	170	-278	319	476	-484	-647	662	-810	819	-968	972
-5 5 ./2005-08-18/fetch/2005-08-18_06.26.50	19	-131	168	-283	321	-439	495	-606	658	-771	813	-926	975
-5 5 ./2005-08-18/fetch/2005-08-18_17.59.49	45	-70	166	-201	302	-334	442	-467	583	-604	721	-745	857	-893	992
-10 0 ./2005-08-18/fetch/2005-08-18_21.33.01	8	-134	223	-271	365	-399	507	-528	650	-666	-806	867	-947	1000
-5 5 ./2005-08-19/fetch/2005-08-19_00.16.22	-7	149	-173	299	-325	447	-468	-601	605	-734	795	-879	938
-5 5 ./2005-08-19/fetch/2005-08-19_01.52.09	-25	113	-163	252	-286	-388	391	-524	529	-664	664	796	-805	925	-945
-10 0 ./2005-08-19/fetch/2005-08-19_02.33.30	-58	81	-200	218	-344	348	474	-491	610	-640	752	-789	896	-939	1000
-5 5 ./2005-08-GWA/fetch/2005-08-15_19.29.08	48	-95	191	-239	335	-455	481	-599	637	-743	820	-887	969
-5 5 ./2005-08-GWA/fetch/2005-08-17_00.22.39	-55	93	-206	240	-363	386	-524	529	670	-679	813	-833	961
-10 0 ./2005-08-GWA/fetch/2005-08-17_02.09.47	-27	115	-168	257	-308	389	-441	497	-532	629	-665	769	-801	909	-934	1000
-5 5 ./2005-08-GWA/fetch/2005-08-18_13.28.54	9	-129	145	-266	278	-394	408	-517	539	-652	667	-791	794	925	-932
-5 5 ./2005-08-GWA/fetch/2005-08-18_14.23.06	25	-119	169	-262	317	-406	475	-554	646	-732	801	-891	949
-10 0 ./2005-08-GWA/fetch/2005-08-18_15.31.06	-42	117	-204	271	-364	424	-521	579	-675	736	-829	898	-985	1000
